$SPEC_ID:
Cs-137 7 cm elevated
$SPEC_REM:
DET# 1
DETDESC# ENXP467H MCB 337
AP# GammaVision Version 6.01
$DATE_MEA:
01/18/2018 11:27:54
$MEAS_TIM:
180 180
$DATA:
0 1023
       0
       0
       0
       0
       0
       0
       0
       0
       0
       0
       0
       0
       0
       0
       0
       0
       0
       0
       0
       0
       0
       0
       0
       0
       0
       0
       0
       0
       0
       0
       0
       0
       0
       0
       0
      21
      70
     117
     144
     167
     181
     159
     189
     160
     156
     175
     194
     177
     159
     176
     177
     167
     172
     187
     184
     173
     205
     208
     189
     183
     176
     187
     184
     146
     179
     202
     170
     179
     185
     165
     172
     157
     172
     186
     177
     177
     174
     180
     182
     178
     191
     182
     181
     205
     207
     202
     188
     187
     191
     214
     199
     204
     224
     191
     178
     222
     186
     208
     188
     195
     187
     190
     180
     182
     168
     182
     182
     179
     153
     176
     147
     173
     138
     174
     126
     163
     144
     144
     136
     130
     122
     136
     162
     129
     140
     123
     136
     124
      98
     124
      96
     114
     114
     108
     115
      85
      95
      91
     100
     104
      98
      99
     103
     115
     118
     106
     101
      93
      98
      94
      83
      90
      84
      89
     101
      93
      93
      86
      82
      83
      93
      85
      83
      91
      91
      78
      82
      79
      87
      77
      68
      88
      88
      82
      93
      89
     103
     111
      85
      84
      91
      99
      74
      83
      79
      84
      92
      82
      75
      87
      81
      83
     101
      95
      71
      98
     101
      94
      83
      85
      93
      96
      82
      90
      84
      91
      78
      96
      94
      86
      86
      84
      68
      81
      59
      60
      67
      72
      64
      57
      71
      52
      71
      69
      62
      74
      60
      56
      63
      57
      54
      66
      45
      42
      41
      49
      43
      49
      49
      50
      45
      40
      49
      34
      33
      43
      43
      35
      26
      26
      23
      27
      23
      35
      17
      25
      21
      30
      24
      19
      23
      21
      22
      28
      22
      19
      25
      20
      25
      23
      22
      24
      20
      28
      27
      28
      28
      20
      16
      26
      28
      31
      24
      36
      25
      32
      40
      30
      48
      48
      35
      35
      47
      58
      42
      50
      50
      49
      60
      55
      61
      59
      69
      74
      61
      64
      58
      74
      68
      96
      82
      76
      70
      80
      67
      67
      76
      77
      60
      88
      65
      54
      65
      62
      74
      63
      82
      54
      60
      44
      54
      54
      65
      42
      46
      58
      34
      43
      41
      34
      33
      35
      37
      31
      39
      43
      28
      26
      27
      32
      36
      31
      22
      34
      25
      21
      22
      22
      16
      21
      22
      14
      16
      10
      15
      21
      11
      11
      11
      17
      14
      20
      14
      10
      11
      14
       6
      13
      13
       8
       8
       5
       8
      12
       9
      13
       9
      10
       7
       4
       5
       3
      12
       9
      11
       9
       8
      12
      10
       7
       9
       5
       4
       8
       6
      12
       4
       4
       5
       6
       4
       1
       6
       1
       3
       3
       6
       5
       6
       7
       5
       4
       4
       2
       7
       6
       6
       7
       3
       4
       2
       5
       4
       2
       3
       4
       4
       1
       1
       1
       4
       4
       5
       3
       3
       5
       3
       3
       3
       4
       4
       2
       8
       6
       5
       5
       2
       1
       2
       2
       1
       5
       3
       2
       3
       1
       1
       4
       2
       1
       0
       3
       4
       6
       4
       3
       2
       0
       2
       2
       1
       2
       1
       3
       1
       2
       1
       0
       3
       5
       1
       2
       2
       1
       5
       3
       1
       4
       3
       5
       2
       2
       1
       1
       1
       1
       1
       3
       0
       4
       3
       4
       1
       2
       2
       1
       1
       0
       5
       2
       0
       0
       0
       1
       1
       3
       2
       2
       1
       0
       1
       0
       2
       1
       1
       0
       3
       2
       1
       1
       2
       2
       1
       1
       0
       2
       1
       1
       0
       2
       0
       1
       4
       3
       0
       3
       0
       0
       0
       0
       5
       1
       0
       3
       4
       1
       0
       0
       0
       1
       2
       1
       1
       2
       0
       0
       2
       1
       0
       7
       5
       1
       2
       0
       1
       1
       2
       3
       2
       1
       3
       1
       0
       1
       4
       3
       2
       2
       2
       0
       0
       0
       1
       0
       1
       1
       2
       1
       1
       0
       1
       1
       1
       0
       3
       0
       1
       1
       1
       1
       1
       1
       1
       1
       1
       3
       1
       0
       0
       2
       2
       1
       0
       1
       0
       3
       2
       4
       1
       1
       2
       2
       1
       3
       0
       0
       1
       0
       1
       1
       2
       0
       2
       1
       2
       1
       2
       1
       0
       1
       1
       1
       0
       1
       1
       1
       0
       0
       5
       0
       1
       1
       0
       1
       2
       1
       0
       1
       0
       1
       0
       0
       0
       0
       1
       0
       1
       1
       0
       1
       1
       1
       1
       0
       3
       0
       0
       0
       1
       1
       3
       1
       1
       0
       0
       3
       1
       4
       4
       0
       1
       1
       0
       1
       1
       0
       1
       4
       0
       2
       1
       1
       2
       4
       0
       1
       1
       3
       1
       1
       0
       1
       0
       1
       0
       0
       0
       1
       1
       0
       1
       0
       3
       0
       2
       0
       1
       0
       1
       1
       2
       2
       1
       0
       2
       2
       1
       1
       2
       0
       2
       2
       1
       2
       0
       0
       0
       1
       2
       0
       0
       0
       0
       0
       1
       0
       0
       4
       0
       0
       0
       1
       0
       0
       2
       0
       1
       1
       0
       1
       1
       2
       2
       1
       2
       3
       1
       2
       0
       0
       2
       0
       0
       1
       0
       1
       0
       0
       2
       1
       3
       0
       0
       1
       1
       2
       3
       0
       4
       1
       0
       3
       1
       1
       0
       0
       0
       0
       0
       0
       1
       1
       0
       1
       0
       0
       0
       2
       0
       0
       0
       1
       1
       1
       2
       0
       0
       1
       0
       0
       1
       1
       1
       2
       1
       0
       0
       0
       0
       1
       1
       1
       1
       0
       3
       2
       0
       1
       0
       0
       0
       1
       0
       1
       1
       0
       1
       3
       1
       2
       0
       1
       1
       1
       0
       0
       1
       2
       1
       0
       0
       1
       1
       0
       0
       1
       2
       1
       0
       1
       0
       0
       0
       1
       1
       1
       0
       0
       1
       0
       1
       1
       0
       3
       2
       2
       0
       1
       0
       0
       1
       1
       0
       0
       1
       0
       0
       0
       0
       1
       0
       0
       1
       0
       0
       1
       1
       0
       0
       0
       0
       0
       0
       1
       1
       2
       3
       0
       1
       2
       1
       1
       0
       0
       2
       0
       1
       1
       0
       1
       0
       0
       2
       1
       1
       2
       1
       1
       1
       2
       1
       1
       1
       2
       1
       0
       0
       1
       0
       0
       0
       0
       1
       2
       0
       1
       2
       2
       1
       3
       0
       1
       0
       0
       0
       2
       0
       1
       0
       1
       2
       7
      15
      12
       7
       6
      12
       8
      13
      11
      16
       8
      13
       9
       7
      12
      14
       7
      10
       7
      10
       9
       8
      12
$ROI:
3
52 68
273 360
724 805
$PRESETS:
Live Time
180
0
$ENER_FIT:
0.000000 1.741512
$MCA_CAL:
3
0.000000E+000 1.741512E+000 0.000000E+000
$SHAPE_CAL:
3
3.546574E+001 0.000000E+000 0.000000E+000
