$SPEC_ID:
Cs-137 25 cm elevated
$SPEC_REM:
DET# 1
DETDESC# ENXP467H MCB 337
AP# GammaVision Version 6.01
$DATE_MEA:
01/18/2018 11:22:22
$MEAS_TIM:
180 180
$DATA:
0 1023
       0
       0
       0
       0
       0
       0
       0
       0
       0
       0
       0
       0
       0
       0
       0
       0
       0
       0
       0
       0
       0
       0
       0
       0
       0
       0
       0
       0
       0
       0
       0
       0
       0
       0
       0
      10
      32
      44
      69
      86
      68
      84
      70
      91
      65
      73
      75
      73
      69
      72
      72
      87
      74
      87
      71
      78
      73
      75
      66
      73
      77
      73
      68
      79
      73
      75
      69
      65
      79
      68
      84
      61
      53
      55
      64
      57
      64
      58
      70
      42
      64
      63
      61
      71
      65
      72
      58
      51
      67
      54
      60
      45
      58
      60
      53
      60
      46
      57
      63
      56
      58
      46
      62
      52
      48
      49
      59
      47
      49
      48
      55
      46
      42
      50
      37
      34
      44
      43
      31
      33
      33
      43
      27
      36
      40
      42
      26
      31
      38
      40
      35
      25
      35
      21
      21
      36
      31
      28
      35
      23
      30
      23
      26
      25
      16
      21
      17
      26
      33
      31
      22
      23
      19
      15
      20
      20
      17
      24
      17
      17
      17
      24
      22
      17
      20
      13
      21
      23
      11
      22
      18
      25
      19
      20
      17
      16
      14
      16
      22
      23
      12
      16
      19
      12
      20
      15
      15
      24
      13
      16
      15
      19
      17
      23
      21
      19
      16
      32
      13
      27
      14
      13
      21
      16
      12
      13
      15
       9
      19
      22
      13
      19
      15
      22
      20
      13
      18
      21
      22
      18
       9
      14
       9
      15
      13
      19
      22
      11
      14
      14
      11
      12
      13
      15
      11
      13
      12
       8
       3
       9
       5
      12
      14
      10
       9
       5
       5
      15
       9
       7
       6
       6
       7
       6
       7
       7
       7
       5
       4
       7
       4
       5
       5
       2
       4
       7
       2
       7
       3
       3
      11
       4
       4
       3
       1
       2
      10
       3
      10
       0
       2
       5
       7
       7
       9
       9
       9
       3
       5
      11
       9
      10
      10
      12
      11
       8
      11
       7
       8
      13
      12
      12
      12
      14
      11
      17
       9
      13
       7
      11
      13
      12
      15
      12
      13
       9
      13
       9
      19
       6
       7
       9
       8
      12
       9
      17
       7
      13
      12
      11
       6
      13
      11
      11
       9
       7
       4
       9
       3
       6
       3
       4
       5
       6
       8
       4
      10
       5
       5
       2
       7
       6
      10
       3
       4
       5
       3
       9
       5
       5
       2
       6
       5
       1
       6
       4
       3
       3
       2
       2
       2
       3
       4
       3
       3
       2
       6
       4
       0
       5
       8
       2
       6
       2
       1
       4
       2
       3
       0
       4
       3
       1
       3
       2
       3
       2
       1
       2
       2
       1
       3
       6
       1
       6
       2
       3
       0
       2
       1
       3
       0
       3
       0
       1
       2
       4
       1
       6
       0
       1
       2
       2
       4
       0
       0
       2
       1
       1
       1
       1
       4
       1
       3
       1
       1
       1
       2
       1
       1
       1
       0
       2
       2
       2
       0
       1
       1
       1
       1
       1
       2
       1
       1
       0
       3
       1
       0
       4
       0
       2
       1
       1
       2
       1
       1
       3
       0
       1
       0
       0
       1
       2
       1
       0
       0
       0
       0
       1
       2
       1
       1
       2
       0
       1
       0
       0
       3
       0
       2
       0
       0
       1
       0
       2
       1
       2
       2
       1
       3
       0
       1
       2
       1
       1
       3
       2
       1
       1
       0
       0
       0
       1
       0
       1
       0
       2
       4
       0
       1
       1
       1
       1
       3
       2
       2
       2
       0
       2
       1
       1
       2
       0
       1
       2
       2
       0
       0
       0
       1
       0
       0
       0
       0
       0
       0
       1
       0
       1
       1
       1
       0
       1
       1
       0
       2
       0
       1
       1
       1
       1
       0
       3
       0
       0
       0
       2
       0
       1
       3
       0
       2
       2
       1
       0
       0
       1
       1
       0
       0
       0
       0
       0
       0
       0
       0
       1
       1
       1
       0
       1
       0
       1
       1
       0
       0
       1
       0
       0
       0
       0
       0
       0
       2
       1
       1
       0
       0
       1
       3
       0
       0
       0
       2
       0
       0
       0
       0
       0
       1
       0
       1
       1
       0
       0
       1
       2
       0
       1
       0
       0
       1
       0
       1
       0
       2
       0
       1
       1
       1
       1
       0
       2
       1
       0
       0
       1
       1
       1
       0
       1
       1
       0
       0
       1
       1
       1
       0
       0
       0
       0
       1
       0
       1
       0
       1
       1
       1
       1
       1
       1
       0
       2
       0
       0
       1
       1
       0
       1
       0
       3
       0
       0
       0
       0
       0
       0
       2
       2
       1
       0
       1
       1
       1
       2
       0
       0
       0
       3
       0
       1
       0
       0
       1
       0
       0
       0
       1
       1
       1
       0
       1
       0
       0
       0
       0
       0
       2
       1
       0
       1
       1
       0
       1
       0
       0
       1
       1
       0
       1
       0
       1
       0
       0
       0
       0
       0
       1
       0
       0
       1
       0
       0
       1
       1
       0
       0
       1
       0
       0
       0
       1
       0
       3
       1
       1
       1
       1
       1
       1
       0
       0
       1
       0
       0
       0
       1
       0
       0
       0
       0
       0
       0
       0
       1
       1
       0
       0
       0
       1
       0
       1
       0
       0
       0
       0
       1
       0
       0
       1
       0
       0
       1
       1
       0
       0
       0
       0
       0
       0
       1
       0
       0
       1
       1
       0
       2
       1
       0
       0
       1
       0
       0
       0
       1
       0
       0
       1
       0
       0
       0
       0
       0
       0
       0
       1
       1
       0
       0
       0
       1
       2
       0
       0
       0
       0
       0
       1
       1
       0
       0
       0
       2
       0
       0
       0
       1
       1
       1
       1
       0
       0
       0
       1
       0
       0
       0
       1
       0
       0
       0
       0
       0
       0
       0
       0
       0
       0
       0
       1
       0
       0
       0
       0
       0
       0
       0
       0
       0
       0
       0
       0
       2
       1
       0
       1
       0
       0
       1
       0
       1
       1
       0
       1
       0
       0
       0
       0
       0
       1
       1
       2
       1
       0
       0
       0
       0
       0
       0
       1
       2
       0
       0
       0
       1
       0
       0
       1
       0
       0
       2
       2
       0
       0
       1
       0
       0
       0
       0
       0
       0
       0
       2
       1
       0
       0
       0
       0
       0
       0
       0
       0
       0
       0
       0
       0
       1
       0
       0
       0
       1
       0
       3
       0
       1
       0
       0
       0
       0
       0
       1
       0
       1
       1
       0
       0
       0
       0
       0
       1
       0
       0
       1
       0
       2
       1
       0
       0
       0
       0
       0
       0
       1
       0
       0
       1
       1
       1
       0
       1
       0
       1
       1
       0
       1
       1
       0
       0
       0
       1
       0
       2
       5
      15
       8
       6
       2
       6
      10
       8
       6
       4
      10
       8
       7
       5
       6
       4
       6
       3
       2
       2
       3
       7
       3
$ROI:
3
52 68
345 431
724 805
$PRESETS:
Live Time
180
0
$ENER_FIT:
0.000000 1.741512
$MCA_CAL:
3
0.000000E+000 1.741512E+000 0.000000E+000
$SHAPE_CAL:
3
3.546574E+001 0.000000E+000 0.000000E+000
