$SPEC_ID:
background
$SPEC_REM:
DET# 1
DETDESC# ENXP467H MCB 337
AP# GammaVision Version 6.01
$DATE_MEA:
01/18/2018 10:14:06
$MEAS_TIM:
180 180
$DATA:
0 1023
       0
       0
       0
       0
       0
       0
       0
       0
       0
       0
       0
       0
       0
       0
       0
       0
       0
       0
       0
       0
       0
       0
       0
       0
       0
       0
       0
       0
       0
       0
       0
       0
       0
       0
       0
       5
      56
      80
     135
     177
     183
     198
     210
     197
     260
     244
     259
     275
     277
     284
     309
     319
     307
     340
     363
     349
     346
     325
     323
     373
     358
     366
     366
     340
     349
     349
     370
     323
     385
     337
     386
     307
     360
     340
     331
     352
     330
     357
     352
     344
     335
     347
     330
     342
     348
     333
     316
     299
     327
     275
     276
     301
     262
     291
     297
     302
     241
     260
     265
     262
     236
     268
     221
     243
     207
     237
     231
     237
     231
     240
     231
     198
     219
     192
     224
     224
     188
     209
     191
     209
     214
     211
     216
     179
     187
     159
     197
     174
     187
     167
     165
     197
     165
     180
     162
     158
     174
     182
     160
     162
     170
     144
     162
     154
     162
     155
     151
     153
     148
     119
     153
     144
     139
     106
     119
     128
     107
     131
     126
     112
     113
     142
     119
     111
     101
     101
     114
     106
     107
     108
     105
     110
     111
     114
     110
     112
      97
      93
      85
      85
      85
      85
      99
      92
      86
      82
      98
      87
      76
      76
      76
      72
      69
      65
      72
      94
      76
      72
      65
      69
      77
      76
      72
      53
     103
      72
      65
      65
      77
      84
      83
      80
      84
      59
      82
      79
      95
      53
      68
      73
      70
      60
      64
      52
      41
      52
      49
      44
      59
      48
      44
      41
      51
      47
      44
      54
      41
      48
      39
      45
      33
      50
      45
      32
      55
      49
      49
      34
      30
      47
      43
      44
      41
      37
      45
      43
      33
      38
      44
      29
      33
      31
      38
      30
      36
      29
      32
      34
      26
      40
      37
      40
      33
      37
      42
      22
      35
      34
      27
      33
      54
      26
      29
      33
      18
      30
      37
      37
      25
      26
      33
      36
      35
      37
      25
      17
      34
      36
      24
      24
      41
      30
      29
      34
      28
      37
      25
      20
      37
      27
      31
      19
      43
      31
      28
      18
      31
      19
      31
      29
      25
      25
      27
      24
      29
      35
      27
      20
      28
      21
      25
      28
      26
      26
      27
      27
      20
      26
      16
      33
      25
      31
      27
      31
      36
      36
      34
      28
      26
      18
      37
      32
      34
      37
      39
      38
      37
      36
      38
      29
      29
      27
      35
      40
      27
      29
      29
      20
      22
      22
      27
      30
      20
      25
      27
      28
      30
      19
      22
      15
      19
      21
      22
      17
      19
      18
      23
      22
      26
      21
      16
      16
      20
      16
      19
      13
      17
      20
      18
      17
      20
      18
       5
      15
      20
      17
      16
      13
       9
      21
      18
      13
      12
      21
      11
      18
       9
      17
      17
      10
      19
      20
      13
      12
      13
       9
      14
      10
      13
      16
      13
      14
      16
      16
      14
      12
      17
      11
      13
      14
      16
      14
       8
      20
      15
      16
      10
      20
      15
       9
      13
      12
      14
      16
       4
       6
      11
      11
      17
      15
      13
      14
       7
      22
      14
       7
       5
      16
      20
      16
       6
      15
      17
      10
      13
      15
       9
       7
       9
       8
      11
       8
      13
      19
      16
      12
      12
      19
      16
      11
      13
      14
       9
      10
       9
       6
      11
      11
      12
       7
      10
      12
       9
       9
       9
      14
      16
      15
       8
      10
      10
      14
       9
      16
      10
       6
       9
      12
      12
      15
      16
      10
      15
      17
      11
       8
      10
      22
      17
       6
      14
       9
      17
       9
      12
      15
      10
       8
      12
      16
      10
      12
      18
      14
      15
       9
      11
      12
       7
       8
      14
      11
      11
      12
      11
      10
      15
      17
      12
      13
      11
      13
       6
       4
      12
      15
       9
       9
       7
      11
       8
       9
      10
      12
       5
      17
      11
       9
       7
      11
      14
       7
      10
       9
      10
       7
       2
       8
       5
       8
       5
       8
       4
       5
       9
       8
       7
      10
       4
       8
       8
       5
       6
       5
      10
       7
       6
       8
       3
       7
      12
       7
       8
       6
      11
       4
       8
       8
       5
      10
       8
      10
       6
       6
       7
       4
       7
       7
       8
       2
       6
       6
      14
       9
       8
      12
       9
      12
       6
      13
      10
      10
       7
      16
       9
       7
      14
      11
       4
       8
      13
       9
       9
      16
      13
      11
       7
       7
       9
       9
      10
       8
      10
       7
       9
       6
       7
       8
       7
       7
      10
       6
       9
       9
       6
       7
       4
       5
      11
      10
       6
       2
      11
       8
      10
       3
       7
      11
      11
       7
       3
       9
       5
       5
       9
       9
       9
       5
       5
      11
       3
       3
       5
       4
       6
       0
       7
       7
       4
       3
       3
       4
       8
       6
       7
       5
       4
       7
       8
       8
       5
       9
       7
       7
       1
       8
       5
       9
       5
       4
       7
       2
       4
       4
       6
       3
       5
       5
       5
       4
       3
       4
       3
       6
       9
       1
       3
       2
       1
       0
       1
       3
       1
       5
       7
       4
       3
       3
       5
       4
       0
       3
       5
       2
       1
       4
       4
       4
       1
       2
       4
       3
       8
       2
       1
       6
       2
       4
       6
       6
       3
       8
       4
       5
       2
       5
       3
       1
       2
       5
       6
       6
       6
       2
       7
       6
       5
       8
       8
       8
       5
      11
       8
       8
       3
      11
       6
       2
       6
      14
       7
       8
      13
       6
      11
      11
       9
       9
       7
      13
      11
       9
      16
      11
      11
      13
      13
      13
      17
      16
      15
      13
       9
      19
      12
      25
      22
      17
      15
      14
      23
      14
      11
      15
      19
      13
      14
      14
       8
      12
       9
      11
       8
       8
       7
      15
       7
       4
       7
       2
       8
       4
       4
       4
       4
       5
       7
       7
       6
       3
       2
       3
       2
       2
       1
       1
       1
       0
       1
       3
       2
       1
       0
       1
       2
       2
       0
       1
       3
       4
       2
       2
       4
       1
       2
       4
       0
       2
       1
       2
       0
       1
       4
       1
       4
       3
       2
       2
       2
       0
       1
       2
       4
       3
       0
       3
       3
       1
       2
       2
       3
       1
       6
       1
       2
       3
       1
       4
       2
       2
       0
       1
       2
       2
       2
       0
       0
       3
       1
       1
       6
       0
       3
       1
       2
       2
       1
       2
       1
       2
       1
       0
       3
       4
       1
       2
       1
       3
       2
       4
       1
       2
       1
       1
       3
       2
       1
       6
       0
       5
       2
       1
       3
       1
       3
       1
       5
       1
       2
       2
       3
       2
       3
       2
       1
       3
       2
       1
       2
       6
       2
       5
       1
       0
       6
       5
       6
       4
       2
       7
       6
      21
      22
      21
      29
      29
      21
      24
      21
      19
      23
      29
      18
      18
      19
      26
      21
      15
      13
      11
      22
      10
      17
      25
$ROI:
3
52 68
345 431
724 805
$PRESETS:
Live Time
180
0
$ENER_FIT:
-13.093178 1.677407
$MCA_CAL:
3
-1.309318E+001 1.677407E+000 1.083172E-004
$SHAPE_CAL:
3
6.668455E+000 -3.765280E-002 1.033940E-004
