$SPEC_ID:
Cd-109
$SPEC_REM:
DET# 1
DETDESC# ENXP467H MCB 337
AP# GammaVision Version 6.01
$DATE_MEA:
01/18/2018 09:52:41
$MEAS_TIM:
180 180
$DATA:
0 1023
       0
       0
       0
       0
       0
       0
       0
       0
       0
       0
       0
       0
       0
       0
       0
       0
       0
       0
       0
       0
       0
       0
       0
       0
       0
       0
       0
       0
       0
       0
       0
       0
       0
       0
       0
      11
      78
     200
     304
     346
     365
     407
     436
     440
     454
     510
     529
     547
     589
     640
     615
     590
     606
     634
     676
     763
     904
    1015
    1307
    1471
    1575
    1415
    1208
     848
     636
     486
     389
     359
     380
     341
     381
     354
     358
     345
     348
     359
     370
     362
     325
     336
     334
     324
     335
     334
     335
     328
     331
     297
     325
     305
     312
     288
     300
     273
     295
     259
     260
     292
     302
     271
     251
     285
     277
     247
     268
     238
     232
     252
     231
     237
     226
     249
     238
     230
     222
     230
     220
     205
     219
     198
     199
     208
     194
     195
     201
     146
     206
     171
     190
     167
     179
     187
     166
     174
     185
     196
     162
     160
     151
     165
     156
     160
     160
     168
     177
     161
     146
     162
     144
     182
     155
     155
     147
     137
     115
     126
     111
     111
     115
     134
     110
     116
     114
     101
     124
     105
     112
      98
     111
      96
      94
     111
     102
      98
     104
      98
      95
     107
      90
      93
      96
     104
      90
     120
     105
      90
      72
      96
      85
      68
      79
      94
      68
      88
      79
      80
      84
      81
      87
      73
      75
      82
      71
      68
      87
      88
      53
      69
      73
      78
      59
      63
      88
      80
      76
      75
      66
      97
      67
      54
      54
      66
      60
      64
      54
      61
      55
      48
      54
      55
      48
      36
      50
      45
      33
      36
      41
      40
      58
      31
      47
      37
      42
      34
      39
      40
      42
      38
      44
      49
      39
      41
      33
      50
      54
      42
      46
      40
      38
      35
      41
      44
      38
      46
      39
      34
      36
      26
      39
      33
      39
      38
      33
      33
      42
      33
      39
      32
      36
      28
      31
      35
      45
      32
      36
      34
      42
      26
      25
      28
      25
      39
      41
      29
      36
      24
      26
      43
      30
      29
      23
      32
      41
      32
      35
      32
      39
      18
      27
      19
      38
      40
      34
      21
      29
      25
      28
      28
      18
      27
      25
      29
      19
      25
      29
      25
      14
      29
      30
      28
      13
      20
      28
      21
      29
      15
      16
      30
      25
      21
      20
      29
      27
      41
      31
      18
      28
      30
      29
      30
      34
      33
      39
      26
      34
      32
      35
      47
      30
      45
      41
      40
      24
      24
      36
      33
      31
      35
      29
      36
      32
      29
      23
      23
      30
      18
      21
      31
      25
      32
      25
      27
      21
      17
      21
      26
      21
      23
      25
      24
      26
      20
      20
      24
      13
      20
      20
      21
      23
      18
      21
      21
      20
      15
      18
       7
      10
      12
      17
      24
      13
      19
      15
      20
      14
      12
      15
      13
      17
      19
      14
      17
      20
      16
      21
      10
      15
      16
      15
      10
      17
       8
      13
       9
      13
      16
      12
      13
       6
      12
      11
      13
      12
      14
      16
      15
      13
      13
       8
      11
       9
      12
      16
      19
      10
      10
      17
      15
      15
      12
       8
      13
      17
      10
      13
      19
      13
      24
       8
      12
      13
      11
      11
       8
       8
      11
      10
      10
       9
      17
      11
       7
      12
      15
      15
      10
       6
      13
      12
      14
       9
      15
      10
      10
      11
      11
      13
      11
      12
       9
      21
      10
       9
      17
       8
       9
       6
      15
       9
      12
       8
      11
       7
       9
      10
      11
       8
      12
      13
      11
      12
      11
      14
      13
      10
      13
      12
      11
       9
      12
      10
       5
      13
      13
       9
      11
      20
      16
      12
      10
      14
      13
      15
      11
      12
      16
       7
       5
       7
      11
       4
      16
      17
      11
      18
       6
      10
      11
      13
      10
      12
      14
       9
      11
       9
      10
       8
      12
      13
      13
      14
      19
      12
       8
      15
       4
      10
      11
      14
      10
      10
      10
       7
       9
       8
       9
      12
       5
       6
       5
      16
       7
       6
       7
       7
       6
       3
       9
       7
      10
       3
       6
       2
       8
       8
       7
      11
       9
       7
       3
       9
       8
       8
       7
       3
       1
      12
       8
       3
      10
       4
       5
       8
       6
       8
       6
       6
       9
       9
       8
       9
       6
      10
      10
      10
       8
       6
      12
      15
       8
       6
       6
      10
       8
      11
       7
       8
       7
      11
      12
       5
      10
      11
      12
       3
      11
      10
      14
      10
       9
      13
       9
       7
       5
       5
       6
      11
      12
       8
       6
       8
      10
       7
       9
       8
       3
      14
       5
       7
       9
       7
       7
      12
       7
       4
       6
       8
       5
       8
       7
       3
       6
       4
       7
      10
       9
       5
       7
       7
       6
       3
       6
      14
       6
       7
       5
       4
       6
       3
       9
       5
       6
      13
       5
       3
       6
       3
       4
       3
       7
       5
       7
       7
       7
       7
       7
       6
       1
       9
       4
       4
       5
       5
       0
       3
       4
       3
       1
       7
       4
       4
       3
       4
       4
       3
       6
       1
       4
       3
       3
       2
       4
       4
       6
       3
       3
       5
       5
       5
       4
       6
       9
       4
       3
       4
       1
       2
       6
       3
       3
       2
       4
       5
       7
       7
       6
       7
       3
       1
       5
       5
       4
       4
       3
       3
       5
       7
       6
       6
       5
       9
       5
       3
       7
       4
       6
       6
       2
       3
       4
       5
       6
       6
       5
       4
      10
       6
       6
      13
      10
       5
       5
       8
       5
      10
       5
       6
       7
      15
       7
      17
      13
      14
       8
      11
      14
      21
      15
      15
      15
      19
      17
      20
      14
      19
       9
      16
      19
      11
      16
      17
      18
      23
      10
       5
      10
       8
       7
       6
       9
       7
      12
      12
      14
       5
       9
      12
      11
       7
       4
       9
       4
       7
       4
       4
       3
       6
       5
       4
       5
       0
       5
       5
       4
       1
       1
       2
       1
       4
       3
       1
       2
       1
       4
       2
       3
       3
       1
       1
       3
       1
       1
       4
       5
       3
       4
       2
       3
       2
       3
       0
       2
       3
       0
       3
       3
       2
       0
       3
       1
       4
       2
       4
       1
       2
       1
       5
       5
       0
       1
       2
       2
       1
       2
       1
       1
       4
       1
       4
       1
       1
       1
       0
       3
       1
       2
       1
       3
       1
       1
       2
       0
       0
       2
       2
       1
       2
       3
       0
       2
       3
       2
       2
       0
       0
       5
       1
       4
       1
       1
       2
       0
       3
       1
       0
       2
       1
       1
       1
       1
       3
       3
       2
       3
       2
       6
       3
       4
       3
       2
       1
       1
       2
       2
       1
       0
       2
       4
       1
       3
       3
       2
       2
       1
       2
       6
       1
       4
       3
       2
       6
      24
      31
      22
      14
      19
      23
      24
      24
      29
      29
      21
      22
      19
      26
      13
      20
      15
      10
      19
      12
      21
      19
      17
$ROI:
3
52 68
345 431
724 805
$PRESETS:
Live Time
180
0
$ENER_FIT:
-13.093178 1.677407
$MCA_CAL:
3
-1.309318E+001 1.677407E+000 1.083172E-004
$SHAPE_CAL:
3
6.668455E+000 -3.765280E-002 1.033940E-004
