$SPEC_ID:
Cs137 Calibration
$SPEC_REM:
DET# 1
DETDESC# ENXP467H MCB 337
AP# GammaVision Version 6.01
$DATE_MEA:
01/18/2018 09:06:58
$MEAS_TIM:
180 182
$DATA:
0 1023
       0
       0
       0
       0
       0
       0
       0
       0
       0
       0
       0
       0
       0
       0
       0
       0
       0
       0
       0
       0
       0
       0
       0
       0
       0
       0
       0
       0
       0
       0
       0
       0
       0
       0
       0
      14
     172
     348
     524
     595
     608
     629
     673
     687
     733
     716
     764
     782
     798
     889
     850
     911
     871
     928
     910
     917
     926
     946
     965
     987
     983
     945
     961
    1017
    1036
     999
    1013
     992
    1032
     995
    1062
    1023
    1020
    1102
    1078
    1063
    1086
    1072
    1068
     979
    1056
    1040
    1058
    1029
    1029
    1045
    1054
     963
     988
     987
     951
    1009
     994
     946
     935
    1013
     977
     923
     951
     945
     909
     888
     869
     966
     938
     980
     982
     992
     960
    1009
     989
    1038
    1069
    1040
    1086
    1204
    1249
    1273
    1314
    1306
    1290
    1284
    1321
    1267
    1228
    1150
    1095
    1113
    1032
    1047
     947
     961
     906
     926
     856
     808
     849
     847
     768
     759
     766
     729
     715
     717
     705
     688
     674
     662
     679
     673
     676
     647
     664
     610
     651
     645
     602
     611
     595
     567
     573
     581
     523
     574
     586
     584
     574
     526
     555
     540
     518
     486
     522
     582
     524
     556
     563
     524
     569
     549
     518
     516
     507
     477
     524
     516
     490
     467
     492
     493
     488
     483
     482
     478
     466
     505
     477
     457
     439
     485
     486
     477
     463
     516
     471
     494
     447
     466
     471
     503
     464
     462
     462
     456
     462
     448
     478
     477
     439
     455
     466
     444
     433
     449
     462
     453
     435
     458
     451
     436
     452
     442
     473
     445
     416
     387
     436
     469
     446
     431
     462
     428
     410
     474
     428
     428
     433
     451
     462
     436
     418
     433
     416
     431
     453
     409
     454
     411
     433
     433
     425
     444
     425
     448
     396
     403
     420
     387
     405
     429
     337
     360
     363
     346
     332
     340
     336
     335
     321
     307
     271
     274
     266
     266
     255
     246
     255
     243
     224
     213
     210
     209
     227
     200
     196
     184
     190
     173
     153
     204
     187
     184
     183
     165
     190
     169
     139
     152
     161
     152
     142
     154
     152
     143
     150
     141
     141
     145
     144
     149
     116
     128
     129
     128
     130
     110
     120
     126
     108
     120
     108
     120
     120
     110
     121
     102
     124
     113
     129
     116
     119
     111
     104
     117
     108
      99
     114
     109
     125
      94
     106
     113
     112
      81
      89
      98
     115
     101
     127
     122
     164
     147
     173
     191
     234
     243
     292
     317
     409
     465
     504
     590
     607
     784
     794
     923
    1088
    1091
    1307
    1486
    1595
    1704
    1747
    1925
    2098
    2262
    2313
    2518
    2578
    2591
    2522
    2710
    2702
    2792
    2706
    2732
    2670
    2648
    2458
    2283
    2316
    2131
    1933
    1698
    1593
    1407
    1309
    1177
     997
     882
     785
     650
     557
     535
     410
     322
     309
     230
     184
     149
     109
      81
      92
      53
      49
      41
      49
      32
      29
      18
      24
      19
      21
      13
      16
      19
      15
      12
      17
      10
      14
      19
      17
      15
      18
      19
      19
      10
      17
      25
      15
      17
      14
      21
      10
      11
      13
      19
       9
      18
      18
      18
      10
       9
      16
      10
      13
      10
      20
       9
      19
      14
      15
      14
      13
      12
       8
      14
       8
      15
      11
       7
      14
      15
      13
      18
      12
       7
      18
      20
      11
      15
      13
      10
       9
      11
      14
      11
      10
       9
      10
      12
      13
      14
      13
      21
      12
      13
       7
       7
      10
      11
      19
      10
      10
       6
       6
      11
      12
      18
      13
      10
      11
      17
       9
       7
      16
      10
      12
      13
       7
      10
      11
      12
      18
      12
       8
      14
      11
      11
      18
      15
      13
       9
       8
       9
      13
      11
      19
      10
      12
      14
      16
      14
       9
      11
       7
      19
      10
      17
      15
      14
      14
       7
       9
       9
       5
       6
      10
       8
       8
       7
      13
       8
      15
      10
      11
       8
       8
       7
      14
       8
      13
       8
       6
       7
       8
       8
       4
       5
      11
      12
       8
      10
       9
      12
       6
       8
      11
       3
       6
       7
       4
       6
      10
       9
      12
      11
       6
      14
      10
       3
       9
       8
      11
       6
       6
       9
       9
       9
       8
       5
       8
       7
       6
      12
       6
      11
       8
       4
       5
       5
      12
       9
      12
       8
      14
       9
      10
       7
       9
       9
      12
      11
      10
       7
       6
      10
       8
      13
      10
      13
      11
       7
      11
       8
       2
      11
       7
      10
       9
       9
       8
      18
       8
       8
       5
       2
       8
       8
       6
       7
       4
       6
       8
       8
       4
       8
       6
       8
      11
      11
       4
       3
       6
       5
      10
       7
      12
       6
       9
       7
       5
       6
       5
       7
       5
       6
       7
      12
       3
       7
       5
       5
       4
       9
       9
       5
       9
      10
      13
       1
       4
       6
       6
       7
       5
       8
       1
       5
       1
       4
       3
       5
       5
       4
       4
       8
      10
       7
       5
       5
       3
       2
       2
       4
       7
       6
       6
       2
       5
       7
       6
       7
       6
       9
       4
       8
       3
       4
       8
       7
       6
       3
       4
       1
       3
       1
       4
       1
       6
       6
       7
       2
       2
       4
       1
       3
       3
       2
       6
       4
       5
       2
       2
       4
       3
       7
       2
       3
       5
       2
       4
       3
       3
       7
       5
       0
       6
       2
       6
       1
       5
       7
       7
       6
       4
       5
       5
       3
       3
       8
      11
       6
       6
       6
       5
       7
       7
       3
       7
      11
      12
       8
       9
       5
       7
       9
       5
       8
       4
       4
       9
      11
       8
      15
      11
      16
      14
      16
      15
      14
      17
      11
      19
      15
      16
      21
       7
      15
      14
      13
      11
      14
      21
       5
      12
      15
       5
      11
      14
       8
      17
      10
      10
      12
      12
      14
       7
       7
       6
       4
       4
       7
       5
       5
       2
       5
       4
       3
       5
       5
       6
       3
       6
       4
       1
       7
       1
       4
       4
       0
       2
       3
       7
       2
       2
       4
       4
       3
       2
       1
       1
       1
       3
       3
       3
       3
       3
       1
       3
       2
       2
       1
       2
       3
       1
       3
       4
       1
       5
       1
       0
       1
       5
       2
       4
       2
       0
       3
       3
       2
       3
       1
       0
       4
       2
       0
       3
       3
       2
       5
       1
       2
       1
       2
       0
       2
       1
       1
       0
       2
       2
       0
       2
       0
       3
       1
       2
       2
       4
       4
       1
       0
       3
       3
       1
       1
       1
       2
       4
       2
       2
       1
       1
       0
       2
       3
       3
       1
       0
       0
       0
       0
       2
       2
       0
       2
       2
       1
       1
       4
       3
       1
       3
       6
       2
       3
       1
       5
       4
       4
       3
       3
       2
       3
       6
       3
       5
       1
       1
      25
      17
      22
      19
      15
      24
      26
      12
      20
      20
      23
      17
      21
      20
      16
      16
      21
      19
      13
      15
      17
      24
      19
$ROI:
1
345 431
$PRESETS:
Live Time
180
0
$ENER_FIT:
0.000000 1.684570
$MCA_CAL:
3
0.000000E+000 1.684570E+000 0.000000E+000
$SHAPE_CAL:
3
2.648438E+000 0.000000E+000 0.000000E+000
