$SPEC_ID:
Cs137 Calibration
$SPEC_REM:
DET# 1
DETDESC# ENXP467H MCB 337
AP# GammaVision Version 6.01
$DATE_MEA:
01/18/2018 09:28:32
$MEAS_TIM:
180 182
$DATA:
0 1023
       0
       0
       0
       0
       0
       0
       0
       0
       0
       0
       0
       0
       0
       0
       0
       0
       0
       0
       0
       0
       0
       0
       0
       0
       0
       0
       0
       0
       0
       0
       0
       0
       0
       0
       0
       9
     116
     210
     378
     397
     410
     409
     506
     473
     489
     518
     529
     554
     550
     571
     605
     643
     603
     685
     674
     711
     681
     644
     666
     676
     684
     735
     730
     711
     680
     746
     751
     669
     730
     666
     705
     724
     739
     720
     681
     679
     770
     721
     746
     740
     760
     734
     671
     743
     683
     724
     722
     732
     635
     677
     689
     698
     729
     690
     649
     638
     663
     673
     640
     608
     673
     624
     579
     578
     647
     587
     639
     587
     646
     558
     598
     600
     541
     621
     559
     582
     609
     542
     590
     589
     547
     580
     566
     592
     582
     592
     600
     623
     642
     667
     637
     717
     696
     739
     724
     752
     712
     732
     716
     679
     678
     716
     640
     635
     629
     563
     579
     571
     551
     552
     555
     547
     493
     461
     498
     456
     451
     402
     424
     455
     455
     425
     422
     402
     389
     384
     412
     407
     365
     408
     377
     357
     366
     396
     353
     354
     346
     361
     334
     332
     309
     350
     280
     363
     320
     338
     317
     339
     324
     329
     310
     296
     313
     308
     306
     308
     309
     312
     283
     347
     318
     300
     288
     308
     280
     304
     280
     267
     268
     257
     282
     288
     278
     291
     281
     281
     284
     273
     258
     284
     297
     252
     263
     275
     216
     263
     221
     255
     243
     257
     241
     233
     222
     218
     240
     259
     255
     257
     273
     256
     234
     258
     245
     221
     240
     236
     252
     228
     236
     239
     237
     268
     226
     232
     227
     204
     232
     234
     221
     211
     220
     226
     187
     206
     214
     230
     218
     244
     210
     216
     232
     235
     216
     217
     216
     214
     213
     209
     226
     209
     200
     220
     222
     213
     199
     196
     204
     187
     210
     209
     210
     200
     210
     197
     211
     227
     209
     196
     202
     204
     184
     192
     222
     186
     167
     202
     191
     198
     200
     176
     208
     182
     191
     198
     195
     207
     191
     198
     192
     202
     189
     193
     185
     204
     197
     176
     221
     193
     191
     187
     167
     182
     174
     199
     169
     185
     179
     167
     184
     195
     194
     201
     217
     182
     193
     203
     176
     175
     192
     200
     174
     203
     210
     177
     205
     198
     181
     179
     179
     186
     193
     190
     194
     205
     186
     176
     194
     208
     185
     177
     177
     191
     186
     196
     177
     181
     167
     179
     194
     189
     204
     170
     185
     185
     189
     172
     176
     155
     170
     160
     182
     191
     184
     189
     191
     193
     181
     188
     180
     190
     188
     190
     174
     183
     186
     198
     181
     170
     184
     185
     146
     191
     177
     179
     207
     193
     165
     180
     189
     171
     196
     165
     165
     186
     196
     150
     147
     210
     155
     168
     191
     177
     184
     186
     160
     149
     198
     159
     182
     164
     193
     167
     176
     186
     158
     179
     194
     148
     154
     189
     199
     174
     174
     169
     169
     188
     165
     146
     174
     157
     207
     170
     172
     181
     189
     176
     205
     197
     188
     185
     193
     185
     153
     165
     203
     175
     197
     194
     174
     188
     183
     180
     172
     202
     204
     176
     190
     199
     185
     151
     193
     188
     186
     184
     199
     200
     171
     193
     191
     205
     190
     181
     183
     199
     177
     185
     166
     187
     189
     202
     179
     183
     199
     207
     218
     219
     212
     207
     192
     171
     223
     188
     188
     181
     184
     193
     193
     174
     180
     210
     202
     205
     191
     176
     172
     177
     194
     162
     203
     159
     167
     174
     177
     157
     156
     154
     162
     145
     143
     126
     166
     147
     161
     184
     158
     143
     150
     137
     145
     131
     139
     162
     141
     142
     143
     141
     130
     129
     130
     157
     135
     113
     132
     110
     135
     122
     155
     148
     142
     133
     124
     135
     132
     119
     131
     126
     127
     124
     107
     117
     108
     131
     118
     123
     127
     118
     118
     113
     103
     100
     110
     123
     128
     133
     117
     131
      97
     117
     113
     118
     105
     100
     103
     109
     128
     109
     103
     112
      81
     104
      86
     101
      93
      86
      78
      94
     115
      83
      82
      65
      79
      81
      95
     105
      83
      89
     100
      96
      92
      82
     101
     105
     111
     125
     141
     113
     131
     149
     150
     182
     200
     212
     226
     244
     247
     277
     313
     315
     330
     366
     418
     392
     435
     451
     480
     517
     521
     569
     510
     578
     563
     566
     619
     643
     633
     647
     667
     618
     645
     612
     620
     600
     606
     575
     521
     552
     523
     505
     482
     446
     396
     396
     360
     384
     300
     279
     284
     251
     201
     204
     192
     196
     140
     145
     113
     116
     104
      95
     111
      73
      58
      50
      51
      52
      42
      28
      42
      43
      31
      34
      34
      26
      37
      41
      40
      51
      52
      41
      64
      69
      71
      90
      87
      97
      94
      94
     117
     135
     149
     136
     177
     183
     210
     240
     244
     259
     276
     250
     336
     308
     350
     347
     392
     391
     421
     442
     486
     468
     455
     444
     502
     512
     499
     535
     489
     560
     501
     489
     500
     516
     506
     501
     454
     462
     428
     395
     419
     371
     389
     339
     345
     290
     333
     244
     235
     220
     210
     203
     196
     165
     134
     127
     133
     114
     106
     106
      86
      68
      65
      61
      61
      36
      47
      41
      20
      23
      31
      25
      24
      19
      19
      17
      14
      14
      12
      14
      17
      15
      18
      16
      11
      18
      17
      15
      11
      16
      11
      13
      13
      16
      23
      17
      14
      12
      13
      14
      14
      11
      14
      13
      18
      17
      17
      17
      17
      11
      11
      17
       9
      11
      13
      10
      14
       8
      15
       8
      11
       5
       6
       5
       5
       5
       5
       4
      11
       7
       5
       4
       6
       8
       6
       5
       3
       6
       6
       4
       5
       2
       5
       3
       3
       3
       3
       6
       2
       2
       2
       1
       2
       2
       2
       4
       0
       1
       4
       2
       2
       2
       5
       5
       3
       5
       3
       5
       3
       3
       1
       3
       0
       4
       6
       4
       3
       4
       2
       4
       1
       2
       3
       1
       4
       2
       4
       5
       5
       1
       4
       1
       4
       3
       1
       4
       2
       3
       1
       2
       1
       1
       1
       4
       1
       1
       6
       2
       4
       0
       3
       2
       2
       0
       4
       1
       4
       2
       3
       3
       2
       1
       2
       1
       3
       3
       2
       0
       2
       1
       3
       0
       2
       3
       0
       3
       1
       3
       2
       5
       0
       0
       4
       0
       3
       5
       4
       4
       1
       1
       5
       8
       2
       4
       4
       2
       3
       5
       2
       2
       2
       2
       2
       2
       6
      25
      35
      31
      34
      23
      20
      41
      29
      22
      30
      24
      26
      27
      23
      28
      18
      24
      34
      32
      16
      23
      23
      23
$ROI:
3
345 431
643 713
724 805
$PRESETS:
Live Time
180
0
$ENER_FIT:
-73.992264 1.888551
$MCA_CAL:
3
-7.399226E+001 1.888551E+000 -6.665350E-005
$SHAPE_CAL:
3
1.872142E+000 -1.006930E-003 0.000000E+000
