$SPEC_ID:
No sample description was entered.
$SPEC_REM:
DET# 1
DETDESC# MCB 338
AP# GammaVision Version 6.01
$DATE_MEA:
02/01/2018 10:56:06
$MEAS_TIM:
300 318
$DATA:
0 1023
       0
       0
       0
       0
       0
       0
       0
       0
       0
      11
     143
     157
     160
     145
     126
     110
      96
      83
      92
      79
      80
      79
      62
      77
      60
      74
      69
      56
      56
      60
      58
      68
      67
      82
      69
      58
      59
      86
      85
      86
      98
     100
     105
     108
      96
     125
      94
     122
     139
     136
     159
     129
     192
     171
     183
     190
     201
     217
     236
     223
     205
     194
     210
     199
     154
     156
     160
     142
     130
     147
     112
     120
     107
     109
     114
     104
     100
     107
      98
      88
     110
      96
     105
      95
      93
     108
     120
     143
      99
     105
     110
     131
     108
     120
     109
      95
      81
     102
      85
     112
      84
      92
     105
      96
     102
     119
     113
     115
     124
     115
     126
     135
     115
     122
     146
     175
     160
     145
     141
     132
     137
     135
     133
     130
     119
     135
     124
     120
     128
     130
      97
     106
     101
     102
      87
     111
      87
     101
     101
      91
     115
     100
      97
     105
      98
     121
     106
     102
     102
     121
     110
     125
     130
     141
     155
     143
     139
     141
     142
     137
     126
     130
     120
     106
     124
     113
     104
     109
     130
     102
      88
      94
      97
      97
      94
      81
     102
      91
      82
      92
      96
      97
      98
     108
     107
     106
     106
      95
     116
     116
     128
     122
     120
     118
     111
      99
      95
     107
     107
      94
      96
      85
      96
      79
      69
      77
      84
      83
      77
      62
      71
      61
      74
      53
      55
      71
      58
      68
      61
      47
      59
      61
      54
      63
      64
      63
      63
      63
      72
      81
      66
      84
      89
      72
      85
      87
      85
      71
      79
      77
      79
      66
      81
      94
      91
      85
      95
      80
      79
      76
      85
      86
      93
      95
      63
      90
      67
      60
      93
      84
      61
      79
      93
      71
      90
     109
      91
      79
      92
     108
     112
     110
     109
     136
     116
     128
     138
     156
     148
     149
     177
     196
     197
     237
     204
     221
     262
     297
     276
     259
     306
     324
     362
     359
     363
     376
     375
     395
     428
     437
     415
     474
     479
     450
     464
     497
     511
     489
     514
     585
     632
     624
     642
     666
     722
     685
     806
     826
     860
     940
    1049
    1101
    1244
    1261
    1316
    1473
    1586
    1722
    1778
    1943
    2025
    2330
    2377
    2632
    2620
    2875
    2969
    3066
    3254
    3390
    3531
    3634
    3767
    3788
    3842
    4128
    3999
    3970
    3858
    3996
    3955
    3844
    3723
    3631
    3536
    3290
    3140
    2996
    2828
    2687
    2647
    2441
    2230
    1972
    1940
    1692
    1607
    1449
    1277
    1204
    1125
    1039
     943
     887
     820
     776
     693
     634
     625
     630
     542
     600
     550
     579
     569
     608
     603
     599
     520
     583
     534
     585
     591
     541
     609
     586
     568
     549
     547
     527
     561
     494
     504
     486
     472
     451
     416
     376
     375
     333
     326
     322
     270
     238
     228
     213
     195
     168
     168
     142
     128
     134
     113
      80
      76
      70
      60
      44
      41
      41
      39
      33
      30
      20
      17
      17
      15
      14
       5
       6
       4
      10
       4
       1
       5
       3
       2
       1
       1
       3
       2
       1
       3
       2
       0
       2
       5
       3
       3
       2
       0
       4
       2
       1
       3
       1
       1
       9
       5
       6
       1
       1
       2
       3
       3
       4
       2
       3
       0
       3
       2
       3
       2
       3
       1
       2
       2
       3
       3
       4
       2
       4
       7
       1
       4
       4
       3
       4
       3
       3
       3
       3
       2
       1
       3
       2
       3
       2
       2
       4
       2
       2
       1
       3
       3
       2
       3
       1
       3
       4
       2
       5
       3
       2
       3
       3
       4
       4
       6
       1
       1
       1
       2
       4
       1
       0
       0
       3
       2
       1
       4
       1
       0
       2
       4
       4
       0
       6
       4
       0
       2
       2
       1
       4
       3
       2
       3
       3
       1
       1
       4
       3
       0
       3
       3
       3
       0
       0
       0
       1
       3
       4
       2
       3
       2
       2
       3
       2
       2
       2
       0
       2
       2
       1
       2
       3
       2
       2
       4
       3
       1
       0
       3
       2
       2
       2
       3
       1
       3
       0
       3
       4
       3
       5
       2
       1
       2
       1
       2
       2
       4
       0
       2
       1
       1
       1
       1
       4
       5
       2
       1
       1
       5
       3
       4
       1
       2
       4
       3
       2
       3
       4
       1
       3
       2
       2
       4
       2
       3
       5
       1
       2
       1
       3
       2
       0
       5
       3
       1
       2
       3
       6
       3
       2
       2
       3
       2
       1
       7
       3
       1
       4
       1
       2
       3
       1
       4
       1
       2
       2
       0
       5
       3
       3
       4
       0
       2
       2
       4
       3
       5
       4
       3
       5
       3
       3
       2
       5
       3
       4
       3
       3
       4
       2
       4
       2
       2
       2
       2
       3
       5
       5
       1
       3
       5
       4
       3
       1
       2
       3
       2
       0
       1
       4
       3
       3
       1
       2
       0
       1
       0
       3
       1
       0
       0
       0
       1
       0
       1
       1
       0
       0
       0
       3
       1
       1
       1
       0
       1
       0
       2
       3
       0
       1
       1
       2
       1
       0
       1
       2
       2
       1
       1
       2
       2
       2
       1
       1
       1
       0
       0
       2
       0
       1
       0
       1
       1
       1
       0
       0
       2
       2
       0
       0
       1
       0
       0
       0
       0
       1
       0
       2
       1
       0
       0
       0
       1
       2
       1
       0
       1
       1
       1
       0
       0
       0
       0
       0
       0
       0
       0
       2
       1
       0
       1
       1
       2
       2
       0
       1
       2
       1
       0
       0
       0
       0
       0
       0
       1
       1
       0
       1
       0
       0
       0
       0
       0
       1
       0
       1
       0
       1
       0
       0
       0
       1
       0
       1
       0
       1
       1
       2
       1
       1
       1
       0
       1
       0
       0
       0
       0
       1
       0
       1
       1
       1
       0
       0
       0
       0
       0
       0
       0
       0
       0
       0
       0
       1
       0
       0
       1
       1
       2
       0
       0
       0
       0
       0
       0
       0
       2
       0
       1
       0
       0
       1
       0
       1
       0
       1
       1
       2
       0
       0
       0
       1
       2
       1
       0
       0
       0
       1
       0
       1
       0
       1
       0
       0
       2
       0
       0
       0
       0
       1
       2
       0
       2
       0
       0
       0
       0
       0
       0
       0
       0
       0
       1
       0
       0
       0
       1
       0
       0
       1
       0
       0
       0
       0
       0
       1
       0
       0
       0
       0
       0
       1
       0
       1
       0
       0
       0
       1
       0
       0
       0
       1
       0
       0
       0
       0
       1
       1
       1
       1
       1
       0
       0
       1
       0
       1
       0
       0
       0
       0
       1
       0
       0
       0
       0
       0
       0
       0
       1
       0
       0
       0
       0
       0
       0
       0
       0
       1
       0
       1
       0
       0
       0
       0
       0
       0
       0
       0
       0
       1
       0
       0
       0
       0
       1
       0
       1
       0
       0
       0
       1
       0
       0
       0
       0
       0
       0
       0
       0
       0
$ROI:
2
312 376
385 429
$PRESETS:
Live Time
300
0
$ENER_FIT:
0.834918 0.062495
$MCA_CAL:
3
8.349182E-001 6.249462E-002 0.000000E+000
$SHAPE_CAL:
3
3.007778E+001 0.000000E+000 0.000000E+000
