$SPEC_ID:
No sample description was entered.
$SPEC_REM:
DET# 1
DETDESC# MCB 338
AP# GammaVision Version 6.01
$DATE_MEA:
02/01/2018 10:37:25
$MEAS_TIM:
2702 2789
$DATA:
0 1023
       0
       0
       0
       0
       0
       0
       0
       0
       0
      51
     935
     909
     851
     722
     724
     694
     636
     613
     595
     603
     755
     909
    1205
    1630
    2149
    2998
    3949
    4761
    5823
    6580
    7303
    7857
    7892
    7608
    7330
    6807
    6164
    5437
    4833
    4249
    3749
    3283
    3018
    2659
    2318
    2198
    2021
    2050
    1976
    1999
    2179
    2377
    2641
    2880
    3098
    3389
    3604
    3703
    3858
    4022
    4195
    4303
    4552
    5122
    6088
    7366
    9383
   11918
   15358
   20096
   25823
   32795
   40424
   48376
   57618
   66111
   74983
   81726
   87734
   92451
   94071
   95482
   93737
   91226
   86144
   80722
   74116
   67380
   60368
   53364
   46771
   40451
   34716
   29628
   24881
   20694
   17579
   14175
   11623
    9642
    7732
    6240
    4757
    3747
    3042
    2428
    2008
    1496
    1266
    1107
     966
     871
     834
     773
     698
     714
     669
     686
     653
     639
     628
     605
     639
     580
     626
     621
     579
     551
     567
     540
     560
     522
     520
     505
     515
     527
     495
     521
     489
     489
     471
     490
     516
     498
     539
     550
     549
     549
     585
     548
     572
     526
     597
     597
     535
     599
     645
     622
     606
     626
     652
     625
     663
     586
     610
     634
     610
     616
     610
     545
     565
     588
     596
     555
     520
     506
     527
     528
     528
     478
     501
     521
     462
     495
     450
     419
     463
     437
     504
     433
     488
     443
     452
     430
     476
     403
     449
     436
     491
     451
     422
     448
     474
     501
     494
     522
     550
     525
     558
     645
     589
     603
     640
     633
     714
     715
     783
     757
     768
     695
     732
     713
     725
     713
     655
     635
     610
     601
     553
     509
     502
     469
     475
     442
     416
     382
     397
     340
     316
     338
     287
     290
     292
     287
     255
     270
     265
     274
     245
     237
     235
     238
     243
     220
     230
     229
     223
     219
     218
     245
     244
     271
     234
     255
     293
     229
     260
     255
     287
     252
     294
     290
     332
     328
     346
     368
     400
     424
     428
     480
     523
     521
     560
     582
     628
     697
     713
     730
     784
     864
     869
     914
     943
     941
    1014
    1074
    1108
    1104
    1190
    1206
    1204
    1279
    1287
    1336
    1389
    1426
    1421
    1499
    1529
    1517
    1638
    1719
    1828
    1911
    1976
    2167
    2130
    2284
    2431
    2642
    2801
    2934
    3394
    3581
    3916
    4095
    4398
    4675
    5122
    5521
    5853
    6024
    6658
    6925
    7363
    7825
    8288
    8582
    8806
    9333
    9741
    9808
   10085
   10458
   10467
   10522
   10825
   10869
   10485
   10428
   10436
    9992
    9504
    9402
    8972
    8774
    8306
    7841
    7440
    6969
    6588
    6206
    5540
    5162
    4804
    4282
    4123
    3651
    3382
    3081
    2680
    2655
    2374
    2253
    2044
    1959
    1850
    1708
    1696
    1570
    1566
    1507
    1612
    1512
    1466
    1490
    1498
    1558
    1502
    1600
    1485
    1629
    1577
    1543
    1591
    1554
    1595
    1552
    1500
    1435
    1407
    1249
    1349
    1257
    1214
    1139
    1092
    1021
     951
     893
     800
     791
     719
     671
     607
     531
     494
     454
     418
     357
     316
     278
     257
     218
     209
     175
     171
     114
     108
      99
      78
      73
      63
      38
      58
      45
      40
      36
      32
      30
      35
      26
      25
      26
      24
      19
      25
       9
      16
      17
      25
      23
      23
      17
      18
      15
      12
      19
      19
      20
       9
      14
      17
      20
      23
      16
      17
      16
      25
      19
      16
      20
      19
      21
      32
      19
      16
      13
      16
      14
      15
      14
      19
      19
      15
      26
      12
      20
      13
      14
      11
      24
      17
      13
      15
      20
      17
      16
      12
      12
      20
      18
      14
      14
      23
      15
      10
       9
      18
      12
      16
      13
      18
      10
      15
      21
      16
      20
      10
      10
      10
      15
      18
      24
       9
      11
      13
      13
      20
      17
      13
      20
      17
      18
      14
      16
      19
      19
      12
      13
      12
      11
      12
       9
       9
      16
      17
      12
      14
      17
      14
      16
      10
       9
       7
      12
      15
      19
      11
      11
      12
      11
      10
      12
      13
      11
      12
       9
      14
      13
      15
      17
      15
      10
      10
      17
      14
      13
      11
      12
      20
      16
       8
      13
      10
      14
      18
      19
      11
      24
      16
      18
      13
      16
      17
      13
       6
      11
      16
      16
      15
      10
      12
      10
      15
      14
      12
      13
      14
      14
       8
       7
       9
      11
      13
       8
       7
      14
       9
      15
       9
      12
      11
      11
      12
      12
       9
      18
      18
      17
      11
      13
      13
      14
      11
      15
       8
      16
       7
      16
       6
      10
      12
      14
      14
      17
       9
      13
      10
       4
       9
       7
       8
      10
       9
      10
      12
      11
       9
       4
       9
       6
       7
      15
      10
      12
       9
      12
       9
      14
      10
      17
       4
      10
      13
      14
      14
      18
       8
      11
       9
       9
      11
      10
      12
      13
       5
       8
       7
      12
      11
      15
      15
       8
       6
      11
      10
      10
      12
      11
      10
       9
      22
      10
      11
       9
       6
       8
      12
      11
      10
      10
      11
       4
       5
       9
       7
       4
      10
       7
      11
       4
       9
       8
       6
       5
       6
       9
       7
       7
      11
       7
       5
       9
       4
       9
       4
       5
       5
       3
       8
      10
       5
       5
       4
       7
       7
       5
       1
       6
       5
       4
       3
       6
       6
       3
       6
       6
       4
       1
       3
       5
       3
       3
       2
       6
       6
       5
       4
       5
       4
      10
       3
       2
       7
       2
       4
       2
       4
       3
       3
       5
       3
       3
       2
       2
       2
       3
       3
       2
       5
       4
       4
       6
       4
       4
       4
       7
       1
       5
       5
       3
       3
       4
       2
       2
       5
       3
       4
       2
       3
       0
       3
       3
       2
       4
       2
       2
       1
       6
       6
       1
       4
      10
       5
       4
       2
       0
       6
       3
       4
       5
       3
       3
       2
       2
       3
       1
       3
       4
       1
       3
       4
       3
       2
       5
       2
       4
       4
       3
       3
       2
       5
       0
       5
       4
       1
       3
       0
       5
       3
       4
       3
       1
       3
       4
       2
       2
       2
       2
       1
       4
       5
       3
       4
       3
       6
       4
       2
       4
       3
       3
       7
       1
       1
       2
       2
       9
       0
       2
       4
       2
       5
       1
       7
       2
       3
       1
       6
       3
       3
       4
       2
       2
       3
       3
       5
       1
       3
       5
       2
       1
       2
       0
       5
       5
       4
       3
       3
       1
       4
       2
       0
       4
       5
       3
       4
       1
       6
       1
       0
       1
       4
       4
       5
       4
       5
       1
       1
       3
       4
       2
       5
       3
       2
       3
       2
       3
       2
       3
       3
       2
       2
       2
       2
       2
       1
       1
       3
       2
       5
       2
       0
       3
       2
       1
       1
       2
       4
       2
       4
       3
       3
       3
       0
       1
       2
       2
       2
       5
       1
       3
       3
       5
       3
       0
       1
       2
       1
       3
       3
       3
       5
       4
       4
       2
       2
       3
       1
       3
       4
       5
       3
       4
       5
       3
       2
       4
       3
       4
       1
       1
       1
       2
       0
       2
       0
       0
       0
       0
       1
       1
       0
       0
$ROI:
6
24 42
55 117
139 181
197 236
312 376
385 429
$PRESETS:
None
0
0
$ENER_FIT:
0.834918 0.062495
$MCA_CAL:
3
8.349182E-001 6.249462E-002 0.000000E+000
$SHAPE_CAL:
3
3.007778E+001 0.000000E+000 0.000000E+000
