$SPEC_ID:
No sample description was entered.
$SPEC_REM:
DET# 1
DETDESC# MCB 338
AP# GammaVision Version 6.01
$DATE_MEA:
02/01/2018 09:26:09
$MEAS_TIM:
766 767
$DATA:
0 1023
       0
       0
       0
       0
       0
       0
       0
       0
       0
       1
      20
      23
      20
      15
      20
      22
      13
      16
      23
      16
      13
      20
      20
      15
      14
      27
      15
      30
      15
      20
      21
      24
      24
      22
      23
      32
      30
      32
      23
      31
      27
      22
      20
      31
      22
      20
      27
      28
      26
      28
      29
      26
      22
      19
      29
      26
      28
      26
      20
      25
      21
      40
      22
      18
      27
      16
      25
      30
      31
      16
      24
      24
      23
      35
      36
      28
      26
      35
      46
      41
      49
      62
      67
      65
      75
      98
      86
      73
      94
      83
      63
      85
      74
      70
      73
      59
      59
      44
      65
      56
      44
      45
      40
      34
      36
      29
      31
      33
      31
      25
      29
      29
      27
      26
      20
      30
      21
      19
      18
      22
      25
      32
      17
      23
      24
      25
      17
      20
      19
      24
      21
      19
      28
      23
      16
      23
      27
      24
      18
      27
      27
      12
      15
      16
      16
      28
      12
      18
      24
      31
      27
      26
      29
      25
      34
      36
      42
      30
      29
      40
      37
      38
      31
      46
      35
      48
      47
      33
      38
      38
      51
      32
      27
      57
      36
      38
      35
      45
      45
      29
      35
      41
      35
      32
      42
      34
      37
      38
      58
      45
      55
      55
      60
      67
      70
      62
      73
     105
      99
     117
     126
     128
     130
     165
     178
     191
     215
     220
     224
     237
     251
     271
     284
     287
     299
     338
     297
     296
     309
     304
     294
     301
     301
     281
     231
     247
     223
     171
     164
     143
     160
     135
     130
      92
      88
      79
      65
      53
      41
      40
      42
      27
      14
      28
      24
      27
      14
      18
      13
      12
      15
       9
       7
       9
      14
       8
       8
      14
      13
      15
      12
       7
      14
       9
      11
       5
       9
       9
       8
       9
      12
       9
      10
      12
      15
       9
      10
      17
       8
       6
       7
       7
      14
       6
       5
       3
      12
       7
       4
       9
      12
      10
       7
       8
       9
      10
       8
       6
       5
      16
      11
       8
       9
       5
       8
       5
      11
       9
       6
      14
      11
      10
       6
       5
       6
      12
      10
      12
       6
      10
       7
       9
       7
       8
       5
       7
       9
      17
       5
       7
       9
       6
       7
       8
       9
       6
      11
       6
       8
       9
       6
       7
      13
       7
      10
      10
       6
      11
      10
       9
      13
       8
       6
      10
      10
       6
      11
       7
       8
       5
       7
       5
       6
      11
       5
       5
       7
      10
      14
       5
       3
       4
       3
       7
       5
       6
       6
       6
       7
       4
       7
      12
      10
       6
       3
      11
       5
       8
       5
       6
       5
      10
       8
       6
      11
      11
       6
       6
       9
       8
       8
       7
       5
       5
       6
       8
       5
       7
       5
       5
       7
       9
       8
       2
       9
       4
       7
       4
       6
       5
       8
       9
       3
       4
       5
       8
       7
       5
       3
       4
       8
       6
       3
       7
       8
       4
       6
       4
       6
       4
       2
       6
       9
       2
       7
       4
       6
       3
       7
       3
       7
       8
       6
       2
       2
       6
       2
       2
       4
       7
       5
       7
       3
       2
       6
      10
       3
       6
       6
       5
       3
       3
       9
       3
       8
       3
       3
       2
       6
       7
       4
       8
       5
       6
       4
       2
       8
       4
       9
       7
       5
       8
       5
       8
       1
       9
       4
       6
       3
       3
       4
       6
       3
       6
       8
       4
       4
       5
       8
       5
       5
       1
       9
       7
       5
       3
       4
       8
       4
       2
       6
       9
       8
       3
       6
       6
       6
       2
       2
       4
       8
       4
       3
       7
       3
       4
       6
       7
       5
       6
       5
       7
       4
       6
       4
       7
       6
       5
       1
       7
       8
       2
       4
      11
       4
       5
       6
       4
       4
       8
       6
       7
       6
       6
       8
       7
       7
       8
       3
       1
       8
       3
       3
       3
       6
       3
       2
       6
       8
       3
       7
       1
       2
       3
       8
       2
       3
       5
       2
       5
       2
       2
       0
       4
       3
       2
       7
       4
       5
       4
       5
       2
       2
       2
       4
       1
       7
       1
       2
       2
       0
       4
       3
       4
       4
       1
       4
       4
       6
       0
       5
       5
       1
       6
       3
       4
       4
       4
       2
       3
       5
       3
       0
       0
       5
       0
       1
       5
       3
       3
       1
       1
       3
       2
       3
       1
       2
       1
       4
       1
       4
       3
       2
       2
       3
       2
       5
       4
       3
       0
       0
       1
       2
       2
       2
       1
       1
       4
       3
       3
       3
       0
       2
       5
       4
       5
       1
       1
       1
       1
       1
       3
       1
       2
       1
       0
       1
       2
       3
       3
       2
       0
       2
       1
       3
       1
       1
       1
       2
       1
       2
       1
       2
       2
       0
       2
       1
       4
       3
       2
       0
       2
       3
       2
       1
       0
       5
       3
       1
       2
       1
       0
       4
       1
       3
       0
       3
       1
       1
       2
       2
       1
       1
       2
       0
       1
       0
       3
       0
       5
       2
       2
       2
       0
       1
       2
       2
       1
       2
       4
       0
       0
       1
       1
       1
       0
       2
       1
       3
       1
       1
       2
       1
       2
       4
       2
       1
       0
       3
       2
       1
       1
       0
       0
       2
       1
       0
       1
       1
       1
       2
       0
       2
       1
       2
       0
       1
       1
       1
       2
       1
       3
       1
       1
       1
       0
       1
       2
       2
       0
       1
       1
       3
       1
       1
       1
       2
       6
       2
       2
       2
       0
       0
       1
       1
       0
       2
       3
       1
       2
       1
       1
       1
       3
       3
       0
       1
       1
       2
       1
       1
       0
       1
       1
       2
       0
       0
       1
       2
       1
       1
       1
       1
       4
       1
       0
       1
       0
       2
       1
       0
       1
       3
       3
       1
       1
       2
       2
       0
       2
       3
       1
       2
       0
       0
       2
       2
       1
       1
       0
       1
       0
       3
       4
       1
       1
       1
       0
       3
       3
       1
       0
       3
       1
       3
       3
       3
       1
       1
       2
       1
       0
       0
       2
       3
       2
       1
       1
       3
       2
       1
       2
       1
       0
       2
       0
       2
       2
       2
       0
       0
       1
       1
       0
       0
       3
       0
       1
       2
       3
       2
       2
       1
       2
       1
       1
       0
       1
       1
       0
       2
       3
       2
       1
       1
       1
       0
       0
       1
       0
       0
       0
       2
       0
       1
       1
       2
       0
       3
       1
       1
       2
       1
       0
       2
       1
       1
       1
       1
       1
       0
       1
       1
       1
       1
       0
       1
       1
       2
       1
       3
       1
       0
       0
       1
       0
       2
       1
       3
       1
       0
       0
       1
       3
       1
       0
       0
       5
       2
       0
       0
       2
       0
       0
       3
       0
       2
       1
       1
       0
       1
       3
       1
       4
       0
       1
       3
       4
       0
       1
       0
       2
       1
       1
       3
       0
       0
       0
       1
       0
       0
       0
       0
       0
$ROI:
2
79 79
183 248
$PRESETS:
None
0
0
$ENER_FIT:
0.000000 0.029553
$MCA_CAL:
3
0.000000E+000 2.955301E-002 0.000000E+000
$SHAPE_CAL:
3
2.510758E+001 0.000000E+000 0.000000E+000
