$SPEC_ID:
No sample description was entered.
$SPEC_REM:
DET# 1
DETDESC# MCB 338
AP# GammaVision Version 6.01
$DATE_MEA:
02/01/2018 08:58:14
$MEAS_TIM:
300 300
$DATA:
0 1023
       0
       0
       0
       0
       0
       0
       0
       0
       0
       0
       1
       6
       6
       6
       2
       1
       2
       5
       6
       3
       4
       4
       5
       5
       5
       3
       3
       3
       5
       4
       3
       5
       7
       6
       2
       6
       5
       3
       2
       6
       4
       1
       7
       2
       4
       6
       2
       5
       6
       3
       0
       3
       4
       2
       3
       6
       4
       5
       4
       3
       4
       3
       3
       6
       7
       5
      10
       2
       2
       6
       4
       1
       5
       2
       5
       2
       4
       2
       4
       4
       6
       4
       5
       3
       5
       9
       9
       6
      10
       6
       8
       9
       6
      11
       8
       4
       8
      10
      10
       5
       7
       6
      10
       6
       8
      10
      11
       3
       4
       7
       6
       8
       9
       3
       6
       2
       2
       2
       6
       0
       8
       4
       5
       5
       5
       9
       4
       1
       6
       4
       3
       3
       3
       3
       6
       2
       3
       4
       5
       4
       3
       3
       5
       5
       4
       3
       3
       3
       3
       5
       5
       5
       1
       3
       4
       1
       3
       3
       3
       4
       4
       5
       2
       6
       6
       3
       3
       8
       6
       2
       5
       3
       2
       1
       5
       5
       4
       1
       3
       2
       2
       3
       6
       5
       4
       6
       4
       6
       2
       4
       4
       0
       3
       4
       3
       6
       4
       5
       5
       4
       3
       6
      10
      10
       9
      13
      16
      21
      12
      19
      10
      22
      14
      17
      22
      10
      25
      17
      25
      15
      20
      20
      19
      18
      20
      21
      12
      15
      13
      11
       8
       9
       6
       8
      10
       2
       2
       4
       7
       0
       1
       1
       1
       4
       2
       3
       2
       2
       0
       0
       2
       1
       3
       0
       1
       2
       1
       2
       0
       2
       1
       2
       1
       4
       0
       1
       0
       1
       0
       1
       1
       1
       0
       0
       2
       0
       4
       0
       1
       0
       2
       0
       0
       0
       1
       2
       3
       1
       1
       1
       1
       1
       3
       1
       1
       2
       1
       1
       1
       0
       1
       0
       1
       2
       1
       0
       1
       1
       0
       0
       1
       0
       0
       0
       2
       1
       0
       0
       1
       0
       1
       2
       0
       1
       1
       1
       0
       3
       1
       1
       1
       1
       0
       2
       2
       1
       0
       0
       1
       3
       0
       1
       1
       0
       1
       0
       1
       3
       0
       1
       0
       2
       2
       1
       0
       1
       0
       1
       2
       1
       2
       1
       0
       0
       1
       0
       0
       0
       1
       0
       1
       0
       0
       0
       2
       1
       0
       3
       0
       1
       0
       0
       0
       0
       0
       0
       1
       2
       3
       0
       3
       1
       0
       1
       0
       1
       0
       0
       1
       0
       0
       0
       1
       1
       1
       0
       1
       0
       0
       0
       2
       2
       0
       3
       0
       2
       1
       3
       0
       2
       0
       0
       0
       0
       2
       1
       1
       0
       1
       1
       0
       0
       0
       0
       0
       1
       1
       1
       0
       1
       1
       0
       1
       0
       1
       2
       0
       0
       2
       0
       0
       0
       1
       0
       0
       0
       2
       0
       1
       0
       0
       0
       0
       1
       1
       2
       2
       0
       0
       2
       2
       1
       0
       2
       1
       0
       1
       0
       0
       2
       1
       0
       0
       0
       0
       0
       0
       1
       0
       1
       1
       1
       1
       0
       0
       1
       2
       0
       1
       0
       1
       0
       0
       1
       1
       0
       1
       0
       1
       0
       0
       0
       0
       1
       1
       1
       0
       0
       1
       0
       0
       0
       0
       0
       0
       1
       2
       0
       0
       1
       0
       0
       0
       1
       0
       3
       0
       0
       0
       1
       1
       1
       0
       2
       1
       0
       0
       1
       0
       1
       0
       1
       0
       1
       0
       3
       2
       0
       0
       0
       0
       0
       1
       0
       1
       2
       2
       0
       0
       0
       2
       1
       1
       0
       0
       0
       1
       0
       0
       1
       1
       1
       1
       0
       0
       0
       1
       1
       0
       0
       0
       0
       0
       0
       1
       0
       0
       1
       0
       0
       0
       0
       0
       0
       0
       0
       0
       0
       1
       2
       0
       0
       1
       0
       0
       1
       0
       1
       0
       1
       0
       0
       0
       0
       1
       2
       1
       0
       0
       0
       0
       0
       0
       0
       0
       0
       1
       0
       0
       1
       0
       0
       0
       1
       0
       0
       1
       0
       1
       0
       0
       0
       0
       1
       0
       0
       1
       0
       1
       0
       0
       0
       0
       0
       0
       0
       0
       0
       0
       0
       0
       0
       1
       0
       0
       0
       0
       0
       0
       0
       1
       0
       0
       1
       1
       1
       0
       0
       0
       1
       0
       0
       0
       0
       0
       0
       1
       1
       0
       0
       1
       0
       0
       1
       0
       0
       0
       0
       0
       0
       0
       0
       0
       0
       0
       0
       0
       0
       0
       0
       0
       0
       0
       0
       1
       0
       0
       0
       0
       0
       0
       1
       0
       1
       1
       0
       0
       0
       0
       0
       0
       0
       0
       0
       0
       1
       0
       0
       0
       0
       0
       0
       0
       0
       0
       0
       0
       0
       0
       0
       1
       0
       1
       0
       1
       0
       0
       0
       0
       2
       0
       0
       0
       0
       0
       0
       0
       0
       0
       0
       0
       0
       0
       0
       0
       0
       0
       0
       0
       0
       0
       1
       0
       0
       0
       0
       0
       0
       1
       0
       0
       0
       0
       1
       0
       0
       0
       0
       0
       0
       0
       0
       0
       0
       1
       0
       0
       0
       0
       0
       0
       0
       0
       0
       0
       0
       0
       0
       0
       0
       1
       0
       0
       0
       0
       0
       0
       1
       0
       1
       0
       0
       0
       0
       0
       0
       0
       0
       0
       0
       0
       1
       0
       0
       0
       0
       0
       0
       0
       0
       0
       0
       0
       1
       0
       0
       0
       1
       0
       0
       3
       1
       1
       0
       1
       0
       0
       0
       1
       0
       0
       0
       0
       0
       1
       1
       0
       0
       0
       0
       0
       0
       0
       0
       0
       0
       0
       0
       0
       1
       0
       1
       0
       0
       0
       0
       2
       0
       0
       0
       0
       0
       0
       0
       2
       0
       1
       0
       0
       0
       0
       0
       0
       0
       0
       0
       1
       0
       1
       0
       0
       0
       0
       0
       0
       1
       0
       0
       0
       0
       0
       0
       0
       0
       0
       0
       0
       0
       0
       0
       0
       0
       0
       0
       0
       0
       0
       1
       0
       1
       0
       0
       0
       0
       1
       0
       0
       0
       0
       0
       0
       0
       0
       0
       0
       0
       1
       0
       0
       0
       0
       0
       2
       0
       0
       0
       0
       0
       0
       0
       1
       0
       0
       0
       0
       0
       0
       1
       1
       0
       0
       0
       0
       0
       0
       0
       0
       1
       0
       0
       1
       0
       0
       0
       0
       0
       0
       0
       0
       0
       0
       0
       0
       0
$ROI:
1
79 79
$PRESETS:
Live Time
300
0
$ENER_FIT:
0.000000 0.431072
$MCA_CAL:
3
0.000000E+000 4.310719E-001 0.000000E+000
$SHAPE_CAL:
3
1.541850E+002 0.000000E+000 0.000000E+000
