$SPEC_ID:
No sample description was entered.
$SPEC_REM:
DET# 1
DETDESC# MCB 338
AP# GammaVision Version 6.01
$DATE_MEA:
02/01/2018 11:03:14
$MEAS_TIM:
300 310
$DATA:
0 1023
       0
       0
       0
       0
       0
       0
       0
       0
       0
      11
     119
     150
     139
     119
     111
      95
     104
      73
     100
     111
     141
     180
     253
     359
     533
     751
    1021
    1231
    1533
    1865
    2019
    2128
    2173
    2186
    2099
    1967
    1759
    1552
    1342
    1219
    1015
     896
     787
     736
     585
     543
     486
     457
     451
     474
     484
     506
     587
     674
     771
     779
     795
     893
     852
    1023
     942
    1004
    1034
    1232
    1425
    1750
    2356
    3061
    4041
    5294
    6850
    8697
   10747
   13215
   15696
   18507
   21077
   23307
   24955
   26446
   27546
   27533
   27469
   26560
   25418
   23855
   21881
   19851
   17900
   15567
   13916
   12137
   10178
    8846
    7418
    6239
    5199
    4251
    3433
    2746
    2173
    1658
    1330
    1050
     735
     636
     459
     341
     255
     208
     159
     122
     110
      70
      91
      84
      68
      76
      68
      73
      56
      58
      53
      67
      74
      65
      73
      57
      61
      61
      60
      67
      65
      58
      62
      59
      52
      61
      55
      63
      50
      42
      52
      59
      65
      50
      60
      62
      63
      49
      45
      60
      54
      69
      60
      57
      73
      64
      50
      56
      52
      53
      54
      73
      71
      75
      74
      83
      65
      59
      90
      70
      75
      61
      66
      70
      67
      65
      72
      58
      55
      55
      41
      50
      39
      41
      39
      34
      22
      21
      20
      21
      15
      15
      15
      10
      14
       7
      10
       7
       6
       9
       7
       7
       1
       1
       6
       3
       4
       6
       4
       1
       5
       3
       4
       1
       2
       1
       2
       4
       1
       3
       2
       2
       0
       3
       0
       2
       0
       0
       4
       1
       0
       2
       1
       2
       3
       2
       0
       2
       2
       1
       1
       1
       0
       0
       1
       0
       1
       0
       2
       1
       1
       0
       1
       0
       3
       1
       2
       1
       1
       1
       1
       0
       0
       0
       1
       0
       1
       1
       0
       1
       3
       0
       1
       0
       0
       0
       0
       3
       3
       2
       0
       0
       0
       0
       1
       0
       0
       3
       0
       2
       1
       1
       1
       1
       0
       0
       0
       1
       0
       0
       1
       0
       0
       0
       1
       0
       0
       0
       2
       0
       1
       0
       1
       2
       1
       1
       0
       0
       0
       0
       0
       0
       0
       0
       0
       1
       1
       1
       0
       0
       0
       0
       0
       1
       0
       0
       1
       1
       0
       0
       1
       0
       2
       0
       2
       1
       0
       0
       0
       0
       0
       1
       0
       1
       0
       0
       0
       0
       0
       0
       1
       0
       0
       0
       2
       0
       2
       0
       0
       0
       0
       1
       0
       0
       3
       0
       2
       0
       0
       0
       0
       0
       0
       0
       0
       3
       0
       0
       2
       0
       2
       0
       0
       0
       0
       2
       0
       0
       0
       0
       0
       0
       0
       1
       0
       0
       1
       1
       1
       0
       0
       0
       0
       0
       1
       1
       0
       1
       3
       0
       1
       0
       0
       1
       1
       1
       0
       0
       0
       0
       0
       0
       1
       0
       0
       0
       0
       0
       0
       0
       0
       0
       0
       0
       0
       0
       0
       0
       0
       0
       0
       1
       0
       0
       0
       0
       0
       0
       0
       0
       0
       1
       0
       0
       0
       0
       0
       1
       0
       0
       1
       0
       0
       0
       0
       0
       1
       0
       0
       0
       0
       0
       1
       0
       0
       0
       0
       1
       1
       0
       0
       0
       0
       0
       0
       0
       1
       0
       0
       0
       0
       0
       1
       0
       0
       0
       0
       0
       0
       0
       0
       0
       1
       1
       2
       0
       0
       1
       0
       0
       0
       0
       0
       0
       0
       0
       0
       1
       0
       0
       0
       0
       0
       1
       0
       0
       1
       1
       0
       1
       0
       0
       0
       0
       0
       0
       0
       0
       0
       0
       2
       0
       1
       0
       0
       0
       0
       0
       0
       0
       0
       0
       0
       0
       1
       1
       0
       1
       0
       0
       0
       0
       0
       0
       0
       1
       1
       0
       0
       0
       0
       1
       0
       0
       0
       2
       0
       0
       0
       1
       0
       0
       0
       0
       0
       0
       0
       0
       0
       0
       0
       0
       0
       0
       0
       0
       0
       0
       0
       1
       0
       1
       0
       0
       0
       0
       0
       0
       0
       0
       0
       0
       3
       0
       0
       0
       1
       1
       0
       1
       0
       0
       0
       0
       1
       0
       0
       0
       0
       0
       0
       0
       0
       0
       0
       0
       0
       0
       0
       1
       0
       0
       0
       0
       0
       0
       0
       0
       0
       0
       0
       0
       0
       0
       0
       0
       0
       1
       0
       0
       0
       0
       0
       0
       0
       0
       0
       0
       0
       0
       0
       0
       0
       0
       0
       0
       0
       0
       0
       0
       0
       0
       0
       0
       0
       0
       0
       0
       1
       0
       0
       1
       0
       0
       0
       0
       0
       1
       0
       0
       0
       0
       0
       0
       0
       0
       0
       0
       0
       0
       0
       0
       0
       0
       0
       1
       0
       0
       0
       0
       0
       0
       0
       0
       0
       0
       0
       0
       0
       0
       0
       0
       0
       0
       0
       0
       0
       0
       0
       0
       0
       0
       1
       1
       0
       0
       0
       1
       0
       0
       0
       0
       0
       0
       0
       0
       0
       0
       0
       0
       0
       0
       0
       1
       0
       0
       0
       0
       1
       0
       0
       0
       0
       0
       0
       0
       0
       0
       0
       1
       0
       0
       0
       0
       0
       0
       0
       0
       0
       0
       0
       0
       0
       0
       1
       0
       0
       0
       0
       0
       0
       0
       0
       0
       0
       0
       0
       1
       0
       0
       0
       0
       0
       0
       0
       0
       0
       0
       0
       0
       1
       0
       0
       0
       0
       0
       0
       0
       0
       0
       0
       0
       0
       0
       1
       0
       0
       0
       0
       0
       0
       0
       0
       0
       1
       0
       0
       0
       0
       0
       1
       0
       0
       0
       0
       0
       0
       0
       0
       0
       0
       0
       0
       0
       0
       0
       0
       0
       0
       0
       0
       0
       0
       0
       0
       0
       0
       0
       0
       0
       0
       0
       0
       0
       0
       0
       0
       0
       0
       0
       0
       0
       0
       1
       0
       0
       0
       0
       0
       0
       0
       0
       0
       0
       0
       0
       0
       0
       0
       0
       0
       0
       0
       0
       0
       0
       0
       0
       0
       0
       0
       0
       0
       0
       0
       0
       0
       0
       0
       0
       1
       0
       1
       1
       0
       0
       0
       0
       0
       1
       0
       0
       0
       0
       0
       0
       0
       0
       0
       0
       0
       0
       0
       0
       0
       0
       1
       1
       0
       0
       0
       0
       0
       0
       0
       0
       0
       0
       0
       0
       0
       0
       1
       0
       0
       0
       0
       0
       0
       1
       0
       0
       0
       0
       0
       0
       0
       0
       0
       0
       1
       0
       1
       0
       0
       0
       0
       0
       0
       0
       0
       0
       0
       0
       0
       0
       1
       0
       0
       0
       0
       0
$ROI:
2
312 376
385 429
$PRESETS:
Live Time
300
0
$ENER_FIT:
0.834918 0.062495
$MCA_CAL:
3
8.349182E-001 6.249462E-002 0.000000E+000
$SHAPE_CAL:
3
3.007778E+001 0.000000E+000 0.000000E+000
