$SPEC_ID:
No sample description was entered.
$SPEC_REM:
DET# 1
DETDESC# MCB 338
AP# GammaVision Version 6.01
$DATE_MEA:
02/01/2018 09:54:39
$MEAS_TIM:
300 300
$DATA:
0 1023
       0
       0
       0
       0
       0
       0
       0
       0
       0
       0
      18
      14
      15
       9
       9
      10
      11
       9
       9
      15
      17
      16
       9
      15
       4
      12
       5
       8
      13
      14
      24
      17
      16
      27
      41
      36
      32
      51
      46
      44
      58
      51
      39
      33
      31
      40
      34
      26
      32
      27
      20
      39
      42
      27
      26
      28
      31
      28
      22
      20
      31
      25
      21
      24
      26
      27
      24
      23
      25
      26
      39
      39
      52
      45
      71
      97
     105
     142
     174
     191
     215
     271
     309
     368
     414
     455
     463
     444
     511
     470
     456
     444
     417
     380
     363
     316
     291
     259
     213
     215
     188
     147
     150
     129
      86
      70
      75
      59
      55
      34
      33
      26
      12
      19
      13
      15
      19
      10
      13
      11
      15
       7
       9
      12
       5
      13
       9
       8
       5
      13
       7
      14
       8
       6
      11
      14
      20
      13
      12
      10
       4
       9
      16
      20
       7
      13
      12
      10
      12
      15
      18
      15
       9
      15
      11
      15
      19
      14
      19
      13
      19
      22
      17
      26
      21
      20
      22
      24
      25
      22
      25
      25
      27
      26
      23
      33
      10
      19
      22
      18
      10
      18
      19
      19
      19
      24
      25
      23
      21
      27
      18
      32
      36
      42
      33
      32
      43
      43
      33
      58
      51
      73
      58
      75
      95
     108
      94
     143
     121
     136
     135
     156
     165
     196
     188
     199
     199
     185
     187
     188
     189
     202
     183
     173
     172
     167
     128
     121
     151
     100
      89
      85
      86
      62
      75
      56
      37
      39
      28
      36
      23
      28
      23
      20
       7
      12
      13
       8
       9
       4
       5
       7
       2
       2
       4
       2
       9
       5
       3
       7
       4
       5
       4
       5
       3
       4
       4
       4
       4
       3
       5
       4
       4
       7
       6
       3
       3
       4
       0
       1
       3
       7
      10
       3
       2
       1
       4
       2
       2
       3
       3
       6
       5
       4
       6
       9
       6
       5
       3
       1
       6
       1
       4
       8
       3
       9
       4
       5
       6
       5
       3
       2
       7
       2
       2
       3
       2
       3
       6
       2
       3
       7
       3
       0
       2
       5
       3
       2
       2
       6
       3
       1
       5
       2
       2
       3
       2
      10
       5
       6
       5
       4
       2
       8
       4
       9
       1
       6
       5
       3
       8
       2
       5
       3
       2
       0
       4
       5
       2
       4
       2
       1
       6
       2
       2
       2
       5
       4
       7
       5
       2
       3
       1
       4
       0
       2
       6
       2
       2
       3
       4
       1
       3
       6
       0
       2
       3
       4
       2
       6
       2
       4
       3
       7
       3
       5
       3
       1
       3
       2
       2
       4
       5
       8
       3
       4
       3
       3
       4
       1
       1
       3
       3
       6
       2
       3
       3
       5
       3
       4
       2
       1
       3
       1
       4
       3
       2
       2
       2
       2
       3
       5
       6
       4
       2
       4
       2
       4
       2
       4
       2
       1
       5
       1
       7
       4
       4
       4
       2
       6
       0
       3
       2
       2
       4
       3
       2
       6
       4
       3
       1
       1
       4
       4
       3
       2
       3
       1
       2
       2
       2
       1
       4
       0
       5
       2
       1
       4
       4
       3
       3
       5
       2
       4
       2
       5
       1
       3
       0
       3
       2
       1
       2
       5
       3
       0
       3
       2
       2
       4
       3
       3
       2
       3
       3
       1
       3
       2
       6
       5
       4
       2
       2
       4
       2
       1
       3
       5
       2
       0
       3
       3
       2
       3
       3
       7
       4
       2
       4
       1
       2
       2
       1
       2
       6
       0
       4
       1
       3
       2
       4
       2
       2
       3
       2
       1
       2
       2
       3
       5
       0
       2
       1
       1
       3
       4
       2
       3
       4
       5
       3
       2
       4
       0
       4
       1
       5
       2
       3
       1
       1
       1
       0
       6
       0
       4
       3
       2
       1
       2
       1
       2
       1
       0
       2
       1
       3
       2
       1
       5
       2
       3
       2
       0
       0
       2
       3
       4
       5
       5
       0
       3
       1
       1
       1
       3
       1
       2
       1
       4
       1
       3
       2
       2
       0
       2
       1
       2
       1
       2
       0
       4
       3
       1
       1
       0
       0
       5
       2
       2
       1
       2
       2
       1
       0
       1
       2
       2
       0
       1
       1
       1
       1
       0
       0
       3
       2
       0
       1
       0
       1
       1
       4
       1
       1
       2
       3
       1
       1
       0
       0
       4
       3
       0
       0
       1
       0
       0
       0
       2
       0
       2
       1
       0
       1
       0
       0
       0
       0
       0
       0
       2
       2
       1
       1
       2
       3
       2
       1
       2
       0
       0
       0
       0
       0
       1
       0
       1
       3
       1
       2
       0
       0
       2
       1
       3
       0
       1
       1
       2
       1
       0
       1
       4
       2
       1
       1
       0
       2
       0
       0
       1
       1
       1
       0
       2
       0
       1
       1
       1
       1
       2
       1
       0
       1
       0
       1
       2
       1
       3
       3
       0
       1
       0
       1
       4
       2
       2
       0
       0
       1
       3
       1
       2
       0
       0
       0
       0
       4
       1
       0
       0
       2
       1
       0
       0
       0
       0
       0
       1
       1
       0
       1
       0
       2
       0
       0
       1
       0
       0
       0
       0
       1
       1
       2
       0
       1
       0
       1
       0
       2
       0
       1
       0
       0
       1
       1
       0
       1
       1
       2
       1
       2
       0
       2
       2
       0
       1
       1
       0
       0
       1
       0
       1
       0
       0
       0
       0
       1
       1
       0
       0
       0
       0
       1
       1
       2
       0
       0
       2
       1
       0
       2
       0
       1
       0
       1
       1
       0
       0
       0
       1
       1
       0
       1
       1
       2
       1
       0
       0
       1
       0
       2
       4
       1
       0
       1
       0
       0
       0
       0
       0
       0
       1
       0
       1
       0
       0
       1
       1
       0
       0
       1
       0
       1
       0
       0
       2
       1
       1
       1
       0
       0
       1
       1
       3
       0
       3
       0
       0
       3
       1
       1
       1
       0
       2
       0
       0
       1
       1
       0
       1
       0
       0
       0
       0
       0
       0
       2
       1
       1
       0
       1
       1
       0
       0
       0
       0
       0
       2
       0
       2
       1
       1
       0
       1
       0
       0
       0
       0
       0
       0
       1
       3
       0
       0
       0
       0
       0
       0
       1
       1
       0
       1
       1
       1
       0
       2
       0
       0
       0
       0
       0
       1
       0
       1
       1
       1
       0
       0
       0
       0
       1
       0
       0
       1
       1
       0
       1
       0
       2
       1
       0
       0
       0
       0
       0
       0
       1
       0
       0
       1
       2
       0
       0
       0
       0
       1
       1
       1
       1
       0
       0
       1
       0
       2
       0
       0
       2
       1
       1
       1
       1
       0
       0
       0
       2
       0
       0
       1
       0
       0
       1
       0
       0
       0
       1
       0
       0
       0
       0
       0
       0
       0
$ROI:
2
65 117
183 248
$PRESETS:
Live Time
300
0
$ENER_FIT:
0.834918 0.062495
$MCA_CAL:
3
8.349182E-001 6.249462E-002 0.000000E+000
$SHAPE_CAL:
3
3.007778E+001 0.000000E+000 0.000000E+000
