$SPEC_ID:
No sample description was entered.
$SPEC_REM:
DET# 1
DETDESC# MCB 338
AP# GammaVision Version 6.01
$DATE_MEA:
02/01/2018 09:45:00
$MEAS_TIM:
237 238
$DATA:
0 1023
       0
       0
       0
       0
       0
       0
       0
       0
       0
       3
       9
      12
       9
      18
      15
       7
       5
      11
       6
      13
      10
       6
      11
       8
      10
      15
      14
      10
      10
      20
      16
      27
      35
      51
      48
      65
      76
      84
      91
      96
      95
      92
      89
      65
      70
      65
      60
      50
      43
      40
      48
      49
      53
      47
      52
      50
      44
      44
      46
      38
      40
      45
      42
      30
      44
      39
      43
      48
      34
      46
      59
      71
     101
     120
     139
     178
     234
     295
     366
     471
     560
     649
     738
     858
     930
    1005
    1063
    1064
    1028
    1034
     996
    1044
     946
     859
     750
     689
     589
     551
     500
     430
     363
     299
     265
     209
     182
     158
     147
     120
      87
      71
      60
      56
      30
      30
      35
      20
      26
      16
      11
      14
       5
      10
      15
       6
      11
       6
       5
       6
       3
      10
       9
      10
       3
      11
      11
       5
      12
      11
       9
       2
       8
       7
      10
       3
       6
       8
      14
      11
       9
      14
      11
      12
       9
      11
      10
      12
      10
       8
      20
      10
      18
      14
      27
      18
      17
      23
      20
      17
      16
      21
      13
      21
      22
      12
      14
      24
      16
      17
      13
      12
      22
      18
      17
      16
      19
      17
      14
      20
      14
      23
      29
      24
      25
      32
      35
      29
      29
      37
      31
      53
      67
      51
      61
      66
      76
      85
      90
      98
     108
     137
     121
     147
     131
     157
     140
     160
     164
     158
     175
     149
     193
     146
     147
     125
     140
     149
     127
     103
     101
      84
      92
      79
      55
      59
      60
      39
      36
      33
      27
      15
      15
       9
      15
      13
      10
       9
      10
       9
       5
       1
       6
       9
       6
       3
       4
       2
       2
       4
       4
       5
       4
       2
       2
       3
       3
       1
       4
       0
       4
       1
       3
       1
       1
       1
       6
       5
       5
       3
       4
       4
       3
       1
       2
       4
       4
       2
       7
       6
       3
       4
       4
       2
       3
       1
       1
       3
       2
       1
       4
       5
       1
       5
       2
       5
       2
       5
       2
       3
       2
       4
       3
       3
       3
       3
       2
       2
       3
       4
       3
       3
       3
       3
       2
       0
       1
       2
       4
       2
       2
       5
       5
       4
       2
       5
       2
       1
       5
       7
       7
       2
       0
       1
       2
       2
       6
       3
       8
       3
       2
       3
       0
       5
       1
       4
       1
       4
       5
       1
       4
       2
       5
       1
       2
       5
       4
       1
       0
       2
       5
       1
       1
       1
       4
       2
       1
       3
       1
       0
       1
       3
       2
       0
       4
       3
       4
       0
       0
       3
       1
       2
       2
       4
       3
       1
       3
       1
       1
       1
       3
       0
       2
       2
       2
       1
       4
       4
       1
       4
       6
       2
       3
       3
       2
       2
       2
       3
       5
       0
       1
       1
       1
       3
       1
       3
       1
       1
       2
       2
       3
       1
       2
       1
       3
       1
       1
       2
       9
       3
       0
       0
       2
       2
       3
       5
       0
       2
       0
       0
       6
       3
       4
       4
       1
       2
       4
       0
       5
       0
       0
       0
       2
       4
       2
       2
       4
       0
       3
       3
       2
       1
       1
       3
       4
       2
       2
       2
       2
       3
       2
       3
       4
       6
       2
       1
       4
       3
       3
       3
       0
       2
       1
       3
       0
       5
       0
       1
       0
       4
       2
       1
       2
       6
       2
       2
       2
       4
       2
       0
       1
       3
       1
       1
       4
       0
       3
       2
       2
       3
       2
       4
       2
       2
       1
       1
       4
       4
       3
       1
       4
       3
       1
       0
       1
       1
       4
       4
       3
       2
       3
       2
       1
       1
       4
       4
       1
       3
       0
       1
       3
       1
       3
       2
       2
       2
       2
       1
       1
       3
       2
       1
       4
       2
       3
       2
       2
       4
       0
       2
       3
       3
       2
       2
       1
       1
       1
       1
       0
       1
       2
       2
       1
       2
       4
       1
       1
       4
       2
       2
       0
       2
       1
       2
       1
       0
       2
       5
       0
       3
       1
       3
       4
       1
       2
       0
       0
       2
       1
       0
       1
       2
       0
       2
       2
       0
       0
       2
       3
       1
       0
       0
       1
       2
       2
       4
       2
       1
       5
       1
       1
       2
       0
       1
       2
       1
       1
       1
       1
       1
       0
       0
       1
       3
       1
       1
       3
       1
       1
       1
       0
       1
       0
       2
       0
       0
       2
       0
       1
       0
       1
       2
       2
       0
       1
       0
       1
       0
       2
       2
       2
       0
       2
       4
       1
       0
       2
       0
       0
       1
       2
       0
       0
       2
       0
       0
       0
       0
       0
       1
       0
       1
       1
       0
       1
       0
       0
       1
       0
       1
       0
       1
       0
       0
       0
       1
       1
       0
       1
       0
       1
       1
       0
       1
       1
       2
       0
       1
       2
       1
       2
       0
       0
       0
       0
       2
       0
       1
       1
       0
       2
       1
       2
       1
       2
       2
       0
       0
       1
       1
       0
       2
       3
       0
       0
       0
       0
       0
       0
       0
       1
       0
       0
       2
       0
       0
       0
       2
       1
       1
       1
       1
       0
       1
       2
       1
       0
       0
       0
       0
       0
       1
       0
       0
       0
       0
       2
       0
       0
       0
       0
       0
       1
       0
       1
       1
       0
       0
       1
       0
       1
       2
       0
       0
       0
       0
       0
       1
       0
       0
       1
       3
       0
       1
       1
       0
       0
       0
       1
       1
       1
       0
       0
       0
       0
       0
       2
       0
       0
       0
       0
       0
       1
       2
       0
       0
       0
       0
       0
       3
       1
       1
       1
       1
       0
       0
       1
       1
       1
       0
       0
       0
       0
       0
       2
       1
       0
       1
       1
       0
       0
       1
       0
       0
       1
       0
       0
       1
       1
       1
       0
       2
       2
       0
       1
       0
       0
       0
       0
       0
       0
       1
       0
       0
       0
       1
       1
       1
       0
       0
       0
       0
       0
       0
       0
       0
       0
       0
       0
       0
       1
       0
       0
       0
       1
       0
       0
       0
       0
       0
       0
       0
       0
       0
       0
       1
       0
       0
       0
       0
       0
       0
       2
       1
       0
       0
       0
       0
       0
       0
       0
       0
       0
       1
       1
       0
       2
       0
       0
       1
       1
       0
       0
       0
       0
       0
       0
       0
       0
       1
       0
       0
       0
       0
       0
       1
       0
       1
       0
       0
       0
       0
       0
       0
       1
       1
       1
       0
       0
       0
       0
       2
       0
       0
       2
       1
       0
       1
       2
       1
       0
       1
       2
       0
       3
       1
       1
       1
       0
       0
       0
       0
       0
       0
       0
       0
       1
       1
       0
       0
       2
       0
       0
       0
       0
       0
       0
       2
       1
       1
       0
       0
       0
       0
       1
       0
       2
       1
       0
       1
       2
       0
       0
       0
       2
       1
       0
       0
       0
       1
       0
       0
       0
       0
       0
       0
$ROI:
2
79 79
183 248
$PRESETS:
None
0
0
$ENER_FIT:
0.000000 0.029553
$MCA_CAL:
3
0.000000E+000 2.955301E-002 0.000000E+000
$SHAPE_CAL:
3
2.510758E+001 0.000000E+000 0.000000E+000
