$SPEC_ID:
Cs137 Calibration
$SPEC_REM:
DET# 1
DETDESC# ENXP467H MCB 337
AP# GammaVision Version 6.01
$DATE_MEA:
01/18/2018 08:47:34
$MEAS_TIM:
180 182
$DATA:
0 1023
       0
       0
       0
       0
       0
       0
       0
       0
       0
       0
       0
       0
       0
       0
       0
       0
       0
       0
       0
       0
       0
       0
       0
       0
       0
       0
       0
       0
       0
       0
       1
       0
       0
       0
       0
      21
     172
     317
     513
     591
     565
     619
     648
     680
     680
     706
     763
     705
     763
     812
     814
     861
     883
     891
     856
     912
     930
     957
     930
     971
     948
     914
    1025
     940
     983
    1007
     938
     960
     991
     936
     998
    1030
    1041
    1042
     989
    1043
    1043
    1073
     970
    1036
    1087
    1081
    1012
    1052
     975
     979
     997
     971
     976
    1012
     957
     975
     959
     961
     909
     985
     925
     935
     888
     874
     918
     940
     935
     872
     915
     907
     911
     922
     930
     924
    1022
    1040
    1021
    1032
    1125
    1192
    1183
    1241
    1279
    1236
    1273
    1259
    1221
    1240
    1250
    1139
    1028
    1047
    1063
    1036
     938
     950
     900
     843
     848
     840
     826
     785
     779
     810
     770
     751
     685
     772
     716
     743
     696
     718
     704
     688
     599
     642
     645
     668
     643
     583
     620
     601
     584
     594
     622
     606
     543
     557
     558
     562
     535
     591
     553
     530
     573
     580
     544
     545
     549
     532
     537
     515
     525
     491
     510
     504
     530
     504
     497
     513
     497
     548
     506
     514
     472
     480
     459
     483
     467
     454
     472
     492
     472
     494
     446
     490
     432
     458
     449
     433
     478
     472
     460
     498
     438
     447
     423
     436
     458
     433
     458
     460
     427
     434
     424
     435
     417
     442
     455
     456
     462
     427
     449
     423
     446
     415
     433
     448
     434
     445
     433
     407
     426
     425
     456
     468
     427
     467
     431
     455
     454
     418
     428
     429
     399
     466
     421
     438
     437
     398
     400
     451
     424
     416
     441
     419
     385
     430
     408
     383
     418
     399
     424
     425
     361
     364
     359
     388
     360
     322
     340
     349
     327
     306
     317
     295
     267
     250
     224
     262
     271
     249
     235
     241
     200
     230
     257
     218
     193
     220
     201
     186
     166
     178
     173
     188
     177
     187
     169
     146
     169
     166
     158
     170
     143
     156
     168
     153
     162
     152
     143
     131
     154
     143
     140
     120
     137
     109
     131
     108
     139
     126
     125
     120
     114
     110
     120
     138
     104
     121
     110
     113
     128
     101
     102
      99
      99
     101
     130
      98
     108
     113
     112
     111
      92
      84
     102
      96
     110
     118
     117
     122
     121
     133
     139
     137
     152
     166
     206
     216
     224
     311
     279
     356
     451
     468
     547
     644
     713
     765
     883
     998
    1097
    1263
    1351
    1525
    1635
    1811
    1938
    2004
    2194
    2286
    2467
    2463
    2665
    2614
    2685
    2671
    2788
    2745
    2672
    2613
    2598
    2417
    2414
    2214
    2091
    1970
    1828
    1734
    1582
    1431
    1175
    1087
    1007
     822
     719
     590
     571
     439
     411
     305
     271
     235
     163
     148
     113
      98
      80
      60
      55
      47
      36
      35
      26
      21
      12
      22
      20
      16
      18
      18
      12
      15
      19
      14
      14
      19
      20
      18
      15
      17
      14
      23
      14
      21
      15
      12
      17
      14
      16
      17
      12
      16
      17
      15
      13
      12
      14
      16
      22
      11
      14
      12
       9
      17
      15
      12
       9
      13
      18
      10
      12
      13
      14
      12
      16
      12
      13
      10
      15
      20
       9
      22
      14
      12
      21
      10
       6
       6
      10
       9
      15
      14
      16
      14
      10
      13
      13
      11
      13
      13
       8
      17
      16
      13
       5
      12
      15
      15
       4
      13
      10
      12
      11
       8
       6
      10
      16
      15
      19
      17
      11
      17
      16
      14
      12
      10
      12
      10
      10
       9
      16
      18
      13
       7
      16
      12
      15
       6
       8
       9
      10
       8
      14
      17
      15
      15
      10
      11
      10
      12
       7
       8
      12
      10
      10
      14
      14
      11
      12
      16
       7
      13
       8
       9
       6
      10
      19
       6
       6
      11
       9
      14
      13
       4
      16
       6
       8
       8
      15
       9
      11
      10
       8
       8
      10
       9
       8
       7
      10
      11
       7
       7
       6
       7
       6
       8
       4
       6
       3
      10
       6
       7
       7
       8
       5
       9
       5
       9
       3
      11
       9
       8
       7
       4
      11
      10
      12
      10
      12
      13
      11
      10
       6
       8
      12
       9
       6
       8
      14
      10
      11
      12
       7
       4
       5
       3
       7
       9
       8
      11
       8
       6
       8
       9
      12
       6
      12
      12
       7
      11
       7
       8
      12
       4
      13
      10
       9
       8
      12
      13
      13
      11
       9
       2
      10
      14
       5
       7
       8
      11
       9
       8
       8
       4
       8
      10
       9
       7
       3
       9
       8
       5
       6
      10
       8
       7
       5
       9
       3
       7
       7
       4
      11
       9
       5
       6
       5
      11
       3
       9
       5
       7
       8
       7
       4
       4
      10
       4
       5
       5
       7
       5
       3
       6
       9
       7
       7
       3
       7
       7
       5
       4
       5
       7
       6
       6
       6
       5
       6
       6
       7
       8
       7
       3
       4
       4
       4
       7
       2
       5
       7
       2
       3
       7
       6
       8
       7
       6
       4
       4
       4
       5
       1
       4
       3
       4
       4
       2
       9
       6
       1
       5
       6
       3
       4
       2
       3
       6
       2
       9
       9
       3
       2
       5
       4
       1
       6
       2
       4
       5
       3
       2
       8
       7
       3
       4
       6
       6
       7
       1
       2
       5
       1
       2
       8
       7
       5
       2
       8
       4
       7
       4
      10
       5
       7
       4
       9
       4
      13
      12
      10
       8
       7
      11
       7
       4
      17
       6
      11
      16
       5
      12
      15
      12
       6
      15
      13
      16
      19
      13
      11
       9
      15
      29
      12
      14
       8
      11
      15
      20
      17
      13
      11
      12
      11
      11
      11
      11
       8
      11
       5
       8
       3
       5
      11
       9
       7
       9
       6
       7
       5
       5
       5
       5
       3
       4
       4
       4
       5
       3
       3
       4
       2
       2
       1
       1
       2
       1
       4
       3
       3
       3
       2
       3
       2
       2
       3
       1
       1
       2
       2
       1
       5
       3
       1
       5
       1
       1
       1
       1
       1
       4
       5
       2
       1
       1
       4
       1
       0
       3
       2
       2
       1
       0
       1
       2
       2
       2
       2
       2
       1
       1
       2
       1
       3
       0
       2
       7
       4
       1
       1
       3
       1
       1
       2
       4
       2
       0
       1
       0
       1
       1
       0
       1
       2
       2
       1
       2
       6
       3
       1
       3
       4
       2
       2
       1
       1
       2
       2
       3
       2
       4
       0
       5
       4
       1
       3
       0
       0
       2
       1
       2
       4
       4
       3
       1
       2
       1
       3
       5
       0
       1
       1
       2
       1
       3
       8
       1
       3
       4
       3
       4
       4
      23
      20
      14
      31
      18
      21
      18
      21
      22
      21
      24
      24
      18
      16
      15
      15
      17
      17
      30
      16
      24
      10
      15
$ROI:
1
345 431
$PRESETS:
Live Time
180
0
$ENER_FIT:
0.000000 1.681374
$MCA_CAL:
3
0.000000E+000 1.681374E+000 0.000000E+000
$SHAPE_CAL:
3
0.000000E+000 0.000000E+000 0.000000E+000
