$SPEC_ID:
Cs-137
$SPEC_REM:
DET# 1
DETDESC# ENXP467H MCB 337
AP# GammaVision Version 6.01
$DATE_MEA:
01/18/2018 10:42:36
$MEAS_TIM:
180 181
$DATA:
0 1023
       0
       0
       0
       0
       0
       0
       0
       0
       0
       0
       0
       0
       0
       0
       0
       0
       0
       0
       0
       0
       0
       0
       0
       0
       0
       0
       0
       0
       0
       0
       0
       0
       0
       0
       0
       7
     100
     186
     315
     381
     416
     399
     423
     425
     448
     434
     470
     451
     468
     478
     499
     464
     558
     522
     508
     548
     524
     491
     533
     479
     522
     509
     517
     514
     539
     533
     543
     537
     536
     534
     549
     570
     559
     554
     540
     519
     533
     562
     492
     539
     499
     545
     508
     512
     521
     459
     508
     483
     464
     491
     484
     478
     512
     492
     485
     523
     486
     517
     478
     523
     490
     555
     538
     539
     557
     596
     566
     654
     646
     606
     665
     669
     655
     642
     628
     563
     562
     565
     498
     497
     459
     491
     451
     427
     404
     378
     397
     399
     415
     369
     407
     350
     379
     356
     349
     373
     311
     324
     335
     327
     303
     297
     305
     321
     288
     363
     318
     318
     304
     303
     264
     296
     282
     293
     256
     293
     260
     276
     276
     290
     251
     278
     242
     260
     237
     256
     269
     222
     275
     250
     263
     229
     251
     234
     236
     216
     237
     227
     231
     244
     234
     221
     224
     239
     231
     234
     209
     233
     257
     245
     222
     230
     199
     246
     220
     210
     241
     210
     220
     214
     223
     236
     216
     218
     227
     210
     222
     216
     200
     206
     205
     203
     206
     195
     217
     203
     224
     221
     203
     226
     230
     212
     217
     202
     222
     190
     216
     193
     202
     211
     208
     220
     202
     202
     218
     196
     210
     233
     227
     202
     197
     214
     189
     186
     190
     205
     202
     204
     181
     181
     164
     161
     152
     184
     150
     160
     165
     124
     132
     131
     130
     127
      89
      96
     101
      84
      84
      93
      94
      79
      78
      99
      82
      97
      83
      80
      72
      76
      76
      72
      75
      77
      63
      65
      65
      44
      55
      68
      55
      63
      73
      64
      54
      54
      55
      57
      54
      53
      58
      65
      64
      54
      53
      41
      46
      34
      45
      45
      37
      47
      41
      44
      51
      50
      46
      47
      31
      46
      51
      51
      57
      46
      37
      42
      45
      42
      54
      49
      39
      43
      75
      68
      61
      75
      88
      92
     103
     115
     139
     152
     198
     191
     234
     278
     327
     346
     394
     474
     492
     570
     625
     622
     711
     772
     809
     836
     887
     936
     955
     938
     953
     956
     963
     945
     987
     865
     847
     862
     750
     746
     655
     594
     539
     464
     395
     353
     298
     279
     236
     185
     160
     135
      98
      89
      77
      55
      52
      36
      33
      26
      15
      21
       9
      12
       9
       7
      12
      10
       0
       6
       7
       8
      10
       5
       8
       6
       8
       8
       5
       7
       4
       7
      12
       3
       3
      11
       7
       6
       2
       6
       2
       5
       7
       8
       9
       5
       9
      15
       6
       6
       6
       5
       2
       3
       3
       5
       5
       3
       3
       4
       6
       6
       2
       4
       4
       1
       3
       1
       4
       7
       1
       3
       5
       5
       3
       4
       3
       3
       6
       8
       6
       6
       5
       2
       3
       2
       7
       5
       5
       4
       8
       3
       2
       3
       4
       7
       6
       6
       5
       8
       3
       7
       5
       5
       2
       2
       7
       8
       3
       3
       3
       6
       6
       5
       5
       6
       6
       5
       6
       3
       2
       3
       1
       5
       5
       4
       4
       4
       7
       2
       8
       2
       3
       5
       4
       2
       7
       5
       6
       3
       3
       3
       3
       3
       4
       6
       3
       4
       2
       2
       2
       4
       4
       4
       3
       2
       3
       4
       3
       3
       4
       2
       4
       0
       5
       6
       1
       3
       2
       4
       6
       4
       4
       0
       8
       3
       5
       4
       1
       3
       1
       4
       5
       4
       7
       2
       2
       4
       2
       3
       3
       5
       2
       4
       5
       4
       3
       3
       5
       0
       3
       3
       7
       3
       4
       4
       4
       4
       5
       3
       3
       4
       3
       3
       2
       1
       5
       2
       1
       2
       5
       1
       2
       6
       2
       4
       7
       4
       5
       7
       4
       2
       0
       5
       6
       3
       2
       1
       3
       6
       3
       3
       3
       6
       2
       5
       6
       4
       2
       2
       0
       3
       3
       3
       2
       5
       1
       4
       5
       7
       1
       1
       1
       2
       2
       1
       6
       1
       2
       1
       2
       2
       3
       1
       0
       4
       2
       2
       3
       6
       3
       1
       3
       1
       3
       1
       0
       2
       1
       2
       2
       2
       3
       0
       2
       1
       2
       3
       4
       4
       0
       3
       4
       2
       1
       3
       2
       1
       3
       2
       4
       0
       1
       2
       2
       1
       0
       3
       1
       1
       2
       3
       1
       6
       3
       1
       2
       5
       2
       0
       2
       1
       0
       0
       4
       2
       1
       2
       2
       2
       3
       1
       2
       3
       2
       2
       1
       4
       3
       0
       3
       1
       1
       2
       1
       1
       0
       0
       1
       2
       2
       2
       0
       1
       1
       1
       4
       5
       2
       4
       2
       2
       3
       5
       0
       6
       4
       3
       5
       3
       4
       2
       3
       6
       4
       5
       4
       4
       6
       2
       5
       3
       4
       4
       4
       2
       4
       3
       8
       5
       4
       0
       3
       4
       4
       4
       2
       6
       3
       2
       2
       3
       1
       1
       3
       3
       1
       1
       3
       1
       2
       3
       1
       0
       1
       0
       2
       1
       2
       1
       0
       0
       0
       0
       1
       2
       2
       0
       0
       1
       1
       0
       1
       1
       0
       0
       0
       0
       0
       3
       2
       1
       0
       1
       0
       1
       0
       0
       2
       0
       1
       0
       0
       0
       0
       0
       1
       1
       2
       1
       1
       1
       0
       0
       0
       1
       1
       1
       0
       1
       1
       0
       0
       1
       1
       0
       1
       2
       0
       0
       1
       1
       0
       1
       0
       1
       0
       0
       1
       0
       0
       1
       0
       0
       0
       1
       0
       0
       0
       1
       1
       0
       1
       2
       0
       1
       0
       0
       0
       0
       1
       1
       1
       2
       1
       0
       1
       0
       1
       0
       0
       0
       2
       2
       2
       0
       0
       0
       0
       2
       1
       0
       0
       1
       0
       2
       0
       0
       3
       0
       2
       0
       1
       1
       0
       0
       0
       0
       0
       1
       3
       1
       0
       1
       2
       1
       2
       1
       1
       1
       1
       0
       3
       0
       0
       0
       0
       0
       0
       0
       0
       0
       0
       1
       0
       2
       1
       0
       0
       0
       0
       1
       0
       1
       0
       0
       0
       0
       0
       1
       0
       0
       0
       0
       1
       0
       0
       1
       1
       2
       0
       0
       0
       0
       1
       1
       1
       0
       0
       0
       0
       8
       7
       3
       8
       2
       7
       4
       3
       4
       5
       4
       2
       6
       6
       6
       5
       9
       4
       3
       2
       7
       5
       3
$ROI:
3
52 68
345 431
724 805
$PRESETS:
Live Time
180
0
$ENER_FIT:
0.000000 1.741512
$MCA_CAL:
3
0.000000E+000 1.741512E+000 0.000000E+000
$SHAPE_CAL:
3
3.546574E+001 0.000000E+000 0.000000E+000
