$SPEC_ID:
Cs-137 7 cm elevated
$SPEC_REM:
DET# 1
DETDESC# ENXP467H MCB 337
AP# GammaVision Version 6.01
$DATE_MEA:
01/18/2018 11:51:55
$MEAS_TIM:
500 517
$DATA:
0 1023
       0
       0
       0
       0
       0
       0
       0
       0
       0
       0
       0
       0
       0
       0
       0
       0
       0
       0
       0
       0
       0
       0
       0
       0
       0
       0
       0
       0
       0
       0
       0
       0
       0
       0
       0
       0
       1
      47
    1799
    4319
    4742
    4819
    4892
    4823
    4975
    4901
    4926
    5046
    4883
    5041
    4863
    4978
    5014
    5034
    4972
    4953
    4871
    4894
    4870
    4854
    4985
    4969
    5117
    5099
    5051
    5194
    5438
    5676
    6108
    6831
    7376
    7945
    8152
    8331
    8065
    8200
    7800
    7662
    7359
    6822
    6639
    6362
    6168
    5799
    5709
    5527
    5374
    5070
    4911
    4855
    4752
    4598
    4534
    4336
    4419
    4162
    4070
    4052
    4011
    3960
    3959
    3807
    3781
    3603
    3600
    3553
    3417
    3509
    3323
    3386
    3234
    3154
    3371
    3257
    3302
    3192
    3236
    3182
    3143
    3124
    3167
    3012
    3087
    3117
    3025
    2991
    2946
    2999
    2924
    2887
    2900
    2840
    2967
    2822
    2894
    2903
    2863
    2894
    2925
    2862
    2852
    2911
    2918
    2885
    2871
    2968
    2929
    2894
    2872
    2901
    2852
    2897
    2876
    2890
    2860
    2822
    2892
    2878
    2813
    2810
    2867
    2875
    2916
    2851
    2820
    2843
    2749
    2824
    2909
    2806
    2759
    2839
    2752
    2738
    2926
    2883
    2800
    2863
    2881
    2924
    2809
    2807
    2833
    2865
    2851
    2833
    2908
    2912
    2933
    2793
    2865
    2948
    2861
    2924
    2950
    2854
    3016
    2870
    2943
    2949
    2962
    3031
    3002
    2982
    2933
    3049
    2889
    3048
    3037
    2853
    3012
    2992
    2978
    2927
    3110
    3047
    2988
    2931
    3017
    3018
    3025
    3015
    3109
    3028
    3097
    3136
    3081
    3102
    3119
    3054
    3143
    3158
    3061
    3211
    3199
    3192
    3172
    3304
    3321
    3166
    3264
    3258
    3348
    3297
    3329
    3298
    3391
    3379
    3391
    3387
    3454
    3463
    3463
    3424
    3669
    3639
    3522
    3608
    3698
    3786
    3632
    3671
    3690
    3587
    3713
    3736
    3735
    3640
    3724
    3834
    3921
    3764
    3866
    3908
    3878
    3918
    3789
    3872
    3899
    3849
    3759
    3755
    3640
    3705
    3612
    3578
    3554
    3414
    3454
    3226
    3230
    3206
    3025
    2977
    2905
    2887
    2832
    2680
    2673
    2670
    2566
    2512
    2520
    2485
    2515
    2416
    2424
    2382
    2306
    2276
    2323
    2274
    2391
    2379
    2255
    2284
    2344
    2267
    2264
    2255
    2252
    2252
    2204
    2264
    2108
    2109
    2087
    2029
    2014
    2008
    1962
    1932
    1786
    1914
    1880
    1748
    1922
    1788
    1909
    1962
    2190
    2430
    2673
    2889
    3311
    3721
    4264
    4784
    5435
    6004
    6560
    7281
    7749
    8436
    8877
    9338
    9180
    9484
    9351
    9399
    8909
    8533
    7855
    7288
    6504
    5910
    5281
    4517
    3820
    3405
    2670
    2319
    1824
    1574
    1331
    1023
     885
     733
     598
     569
     580
     595
     608
     714
     786
     876
    1046
    1310
    1515
    1899
    2142
    2624
    3003
    3447
    3964
    4462
    4905
    5488
    5869
    6370
    6531
    7049
    7297
    7411
    7553
    7340
    7206
    6982
    6559
    6241
    5762
    5317
    4772
    4153
    3673
    3182
    2727
    2433
    1960
    1663
    1302
    1112
     900
     720
     553
     458
     301
     289
     233
     179
     135
     149
     132
      98
     101
      89
      94
     104
      75
     100
      89
      72
      89
      66
      85
      72
      81
      76
      62
      70
      78
      74
      55
      66
      55
      53
      75
      64
      65
      62
      55
      68
      54
      75
      63
      63
      72
      51
      59
      53
      52
      58
      53
      43
      48
      46
      55
      53
      50
      59
      63
      50
      49
      54
      59
      48
      51
      51
      56
      57
      41
      43
      56
      34
      54
      59
      54
      36
      44
      43
      44
      48
      47
      24
      30
      48
      44
      44
      42
      38
      44
      38
      47
      36
      29
      44
      31
      37
      43
      38
      43
      43
      41
      39
      47
      49
      35
      47
      37
      31
      51
      38
      48
      34
      34
      39
      29
      37
      22
      33
      36
      37
      30
      32
      18
      35
      33
      34
      38
      25
      32
      31
      42
      39
      28
      25
      38
      34
      36
      35
      40
      33
      31
      28
      40
      18
      31
      33
      24
      28
      32
      41
      29
      27
      33
      27
      28
      28
      27
      18
      32
      32
      34
      34
      27
      22
      22
      34
      22
      24
      29
      25
      38
      32
      28
      35
      30
      25
      21
      21
      25
      26
      26
      27
      30
      30
      30
      25
      21
      35
      24
      26
      24
      28
      22
      15
      26
      17
      29
      19
      32
      22
      27
      24
      24
      35
      27
      21
      18
      22
      25
      25
      26
      20
      31
      30
      25
      23
      21
      27
      20
      28
      29
      21
      27
      24
      21
      24
      18
      25
      26
      21
      23
      31
      14
      21
      20
      21
      22
      29
      28
      24
      19
      28
      24
      20
      18
      31
      33
      28
      18
      24
      20
      15
      28
      22
      25
      19
      20
      16
      15
      17
      22
      19
      18
      23
      14
      17
      21
      20
      17
       6
      21
      12
      13
      14
      12
       7
      17
       9
      11
      11
      13
      12
      12
       9
       5
      12
       5
      10
       8
       8
       9
      10
       4
      11
       7
       5
       8
       4
       5
       2
       4
       8
      11
       5
       7
      11
       7
       4
      11
       7
       5
       7
       7
       6
       9
       4
       9
       6
      10
      13
       8
       7
      19
      14
      20
      14
      24
      25
      24
      25
      20
      25
      25
      27
      22
      33
      27
      31
      24
      32
      31
      27
      22
      11
      12
      22
      18
      21
      22
      22
      23
      18
       9
       9
      12
      10
      17
      12
       8
      10
       6
       6
       6
       7
       1
       3
       2
       2
       1
       4
       7
       6
       1
       5
       2
       3
       1
       2
       2
       2
       3
       2
       0
       0
       1
       2
       1
       1
       0
       1
       0
       0
       0
       1
       1
       2
       0
       1
       0
       0
       0
       1
       0
       0
       0
       2
       0
       1
       0
       0
       1
       1
       2
       0
       0
       0
       0
       3
       0
       0
       0
       0
       0
       0
       0
       0
       1
       1
       0
       0
       0
       0
       0
       1
       0
       0
       1
       0
       0
       1
       0
       0
       0
       0
       0
       1
       0
       1
       0
       0
       0
       0
       0
       0
       0
       0
       0
       0
       0
       0
       0
       0
       0
       0
       0
       0
       0
       1
       0
       0
       0
       0
       0
       0
       1
       0
       0
       0
       0
       0
       0
       0
       0
       0
       0
       0
       0
       0
       0
       0
       0
       0
       0
       0
       0
       0
       0
       0
       0
       0
       0
       1
       1
       0
       0
       0
       0
       0
       0
       0
       1
       2
       0
       0
       0
       0
       0
       0
       1
       0
       1
       0
       0
       0
       0
       0
       0
       2
       0
       0
       0
       0
       0
       0
       0
       0
       0
       0
       0
       0
       0
       0
       1
       0
       0
       0
       0
       0
       0
       0
       0
       0
       1
       1
       0
       0
       1
       0
       1
       0
       0
       2
       0
       0
       0
       0
       0
       0
       0
       1
       0
       1
       0
       0
       0
       0
       0
       0
       0
       1
       0
       0
       0
       1
       1
       0
       0
       2
       1
       3
       3
       1
       0
       1
       1
       3
       0
       1
       2
       2
       1
       0
$ROI:
3
52 68
273 360
724 805
$PRESETS:
Live Time
500
0
$ENER_FIT:
-49.545773 3.427960
$MCA_CAL:
3
-4.954577E+001 3.427960E+000 0.000000E+000
$SHAPE_CAL:
3
8.945940E-001 0.000000E+000 0.000000E+000
