$SPEC_ID:
No sample description was entered.
$SPEC_REM:
DET# 1
DETDESC# MCB 338
AP# GammaVision Version 6.01
$DATE_MEA:
01/26/2018 15:36:21
$MEAS_TIM:
1229 1249
$DATA:
0 8191
       0
       0
       0
       0
       0
       0
       0
       0
       0
       0
       0
       0
       0
       0
       0
       0
       0
       0
       0
       0
       0
       0
       0
       0
       0
       0
       0
       0
       0
       0
       0
       0
       0
       0
       0
       0
       0
       0
       0
       0
       0
       0
       0
       0
       0
       0
       0
       0
       0
       0
       0
       0
       0
       0
       0
       0
       0
       0
       0
       0
       0
       0
       0
       0
       0
       0
       0
       0
       0
       0
       0
       0
       0
       0
       1
       0
       2
      15
      91
     224
     379
     487
     618
     713
     723
     728
     731
     765
     728
     722
     728
     736
     702
     775
     752
     773
     758
     716
     752
     767
     729
     774
     703
     709
     738
     756
     731
     694
     736
     728
     766
     750
     691
     727
     743
     777
     722
     747
     751
     731
     753
     745
     735
     716
     745
     673
     696
     709
     726
     767
     748
     719
     735
     768
     746
     714
     777
     736
     722
     746
     716
     739
     704
     719
     736
     758
     734
     720
     764
     731
     722
     741
     753
     787
     733
     734
     738
     779
     769
     742
     781
     725
     763
     747
     740
     745
     785
     697
     768
     752
     746
     701
     680
     748
     736
     701
     759
     699
     719
     703
     791
     713
     737
     751
     709
     739
     758
     774
     734
     768
     748
     718
     766
     721
     710
     723
     749
     777
     703
     729
     743
     761
     701
     753
     715
     710
     791
     712
     740
     721
     742
     803
     770
     791
     759
     763
     733
     759
     677
     716
     799
     781
     762
     721
     730
     726
     749
     762
     774
     737
     768
     727
     738
     714
     790
     750
     715
     774
     709
     717
     720
     755
     730
     711
     789
     771
     789
     772
     757
     772
     747
     772
     771
     796
     732
     764
     740
     760
     830
     766
     795
     799
     767
     776
     763
     776
     762
     823
     748
     743
     768
     788
     756
     802
     770
     801
     752
     760
     758
     767
     767
     811
     762
     760
     756
     824
     803
     764
     786
     773
     777
     775
     794
     804
     851
     792
     773
     826
     783
     767
     783
     833
     758
     817
     783
     811
     835
     828
     848
     819
     788
     825
     836
     844
     862
     813
     851
     813
     789
     849
     859
     884
     813
     881
     811
     872
     868
     841
     838
     902
     882
     840
     874
     928
     893
     841
     833
     835
     856
     880
     897
     796
     859
     876
     847
     871
     903
     808
     866
     898
     878
     900
     887
     906
     921
     911
     876
     914
     851
     896
     897
     854
     941
     879
     930
     863
     941
     922
     907
     926
     943
     869
     961
     916
     907
     924
     886
     902
     943
     944
     920
     874
     907
     936
     952
     923
     948
     954
     935
     886
     955
     924
     938
     933
     956
     965
     909
     943
     962
     940
     916
     915
     956
     953
     865
     942
     993
     908
     909
     867
     895
     946
     916
     945
     961
     929
     982
     933
     925
    1016
     930
     935
     956
     886
     894
     869
     967
     883
     925
     928
     857
     898
     871
     913
     942
     896
     869
     883
     911
     877
     904
     893
     855
     923
     893
     893
     889
     906
     901
     935
     907
     857
     866
     865
     880
     828
     892
     832
     853
     895
     903
     829
     911
     897
     853
     884
     814
     837
     867
     816
     864
     794
     798
     872
     823
     848
     831
     801
     837
     856
     841
     872
     804
     810
     837
     818
     785
     823
     827
     876
     819
     766
     834
     849
     769
     816
     777
     807
     791
     796
     756
     809
     826
     818
     768
     789
     791
     766
     753
     733
     770
     761
     778
     750
     806
     739
     779
     772
     785
     719
     762
     756
     753
     778
     732
     741
     746
     761
     752
     715
     710
     758
     721
     703
     700
     742
     701
     737
     775
     768
     737
     721
     706
     737
     718
     718
     745
     738
     705
     713
     672
     743
     755
     705
     695
     699
     733
     710
     693
     711
     713
     701
     665
     723
     656
     670
     673
     723
     692
     704
     716
     708
     695
     708
     693
     663
     704
     690
     709
     652
     686
     704
     672
     745
     676
     677
     653
     685
     696
     714
     647
     653
     621
     630
     688
     679
     633
     672
     710
     662
     666
     690
     666
     662
     661
     698
     664
     690
     662
     654
     655
     649
     658
     669
     678
     635
     621
     650
     698
     626
     683
     649
     621
     624
     635
     657
     657
     601
     655
     612
     644
     639
     675
     651
     605
     599
     722
     671
     593
     643
     669
     681
     660
     667
     610
     614
     593
     623
     670
     663
     656
     618
     666
     620
     623
     656
     614
     597
     647
     675
     643
     625
     582
     647
     640
     627
     650
     604
     595
     610
     641
     629
     620
     623
     599
     585
     634
     608
     595
     558
     683
     605
     633
     647
     595
     610
     602
     618
     604
     582
     572
     620
     572
     662
     615
     595
     621
     633
     632
     603
     623
     632
     625
     614
     588
     649
     580
     562
     579
     597
     583
     576
     594
     628
     594
     624
     566
     574
     633
     626
     601
     568
     607
     608
     617
     607
     584
     613
     614
     600
     579
     581
     563
     600
     564
     616
     642
     615
     609
     598
     627
     622
     592
     582
     592
     601
     635
     594
     570
     595
     629
     593
     610
     598
     629
     575
     605
     576
     667
     616
     584
     602
     611
     580
     596
     599
     619
     624
     588
     606
     616
     605
     546
     605
     604
     604
     626
     611
     615
     570
     604
     582
     591
     620
     593
     607
     557
     575
     599
     599
     630
     605
     613
     619
     654
     617
     594
     591
     594
     585
     595
     584
     651
     654
     592
     616
     612
     617
     594
     634
     615
     632
     604
     613
     585
     613
     564
     601
     596
     597
     590
     630
     626
     604
     610
     609
     568
     623
     600
     589
     597
     634
     618
     615
     618
     637
     631
     602
     598
     627
     578
     619
     593
     605
     625
     636
     599
     631
     590
     647
     613
     621
     630
     656
     585
     619
     609
     606
     636
     618
     633
     629
     599
     618
     649
     633
     658
     608
     618
     638
     622
     647
     608
     600
     633
     652
     617
     584
     656
     574
     634
     616
     608
     654
     608
     614
     642
     603
     636
     630
     615
     598
     650
     669
     636
     659
     606
     615
     639
     678
     633
     589
     602
     673
     619
     688
     617
     628
     627
     687
     589
     635
     606
     697
     638
     644
     672
     694
     634
     682
     641
     639
     629
     611
     664
     639
     634
     669
     623
     626
     611
     654
     644
     669
     634
     633
     637
     665
     620
     634
     635
     695
     625
     660
     654
     698
     715
     654
     667
     613
     650
     682
     647
     667
     694
     674
     643
     684
     648
     678
     709
     714
     668
     649
     661
     638
     672
     695
     664
     692
     620
     650
     654
     674
     662
     656
     643
     671
     639
     681
     653
     646
     672
     705
     644
     645
     650
     696
     642
     718
     661
     666
     648
     677
     680
     678
     671
     694
     632
     683
     637
     707
     670
     620
     648
     678
     653
     668
     642
     718
     710
     666
     693
     703
     707
     652
     658
     661
     657
     626
     746
     669
     715
     672
     699
     701
     658
     628
     637
     664
     662
     657
     672
     666
     635
     667
     665
     661
     639
     684
     632
     625
     672
     615
     653
     642
     683
     643
     619
     703
     622
     673
     646
     654
     674
     639
     606
     656
     641
     641
     603
     673
     639
     647
     684
     627
     637
     637
     643
     616
     611
     666
     639
     580
     591
     661
     662
     627
     645
     610
     641
     626
     627
     592
     630
     604
     610
     599
     576
     616
     560
     664
     584
     583
     607
     606
     582
     576
     632
     575
     580
     603
     586
     525
     580
     539
     629
     576
     574
     547
     582
     575
     602
     549
     570
     506
     554
     558
     596
     583
     552
     527
     537
     525
     476
     505
     539
     574
     535
     536
     471
     542
     498
     540
     522
     528
     532
     494
     528
     484
     498
     497
     497
     513
     466
     467
     463
     494
     465
     515
     451
     498
     470
     463
     440
     480
     435
     491
     434
     491
     434
     450
     413
     444
     448
     409
     451
     418
     412
     436
     432
     392
     396
     399
     396
     456
     433
     424
     451
     426
     402
     418
     439
     407
     396
     390
     373
     392
     377
     346
     367
     383
     336
     378
     364
     358
     412
     382
     364
     320
     366
     354
     312
     336
     337
     335
     339
     307
     344
     300
     329
     307
     304
     300
     297
     317
     340
     296
     312
     282
     283
     306
     273
     310
     293
     283
     296
     268
     287
     288
     251
     275
     294
     260
     281
     284
     276
     293
     256
     239
     268
     265
     253
     268
     261
     271
     273
     251
     265
     233
     220
     239
     221
     269
     216
     226
     232
     227
     216
     216
     197
     269
     225
     235
     198
     212
     236
     251
     219
     222
     236
     197
     195
     196
     218
     202
     230
     199
     193
     183
     220
     189
     190
     188
     196
     218
     178
     182
     180
     168
     189
     211
     156
     143
     150
     191
     169
     158
     197
     163
     153
     148
     135
     181
     179
     154
     170
     148
     159
     154
     166
     158
     165
     136
     155
     150
     149
     167
     147
     143
     138
     164
     152
     149
     148
     137
     133
     140
     128
     153
     148
     126
     159
     134
     133
     134
     132
     129
     128
     128
     136
     148
     119
     142
     149
     148
     130
     149
     116
     116
     119
     130
     107
     130
     122
     131
     126
     117
     125
     132
     113
     116
     123
     114
     119
     131
     120
      94
     122
     120
     134
     132
     120
     111
     132
     111
     126
     115
     120
     115
     109
     113
     131
     113
     105
     122
     119
     113
     101
      99
     128
     138
     122
     101
     121
     109
     131
     123
     131
     140
     130
     131
     114
     117
     128
     119
     120
     123
     112
     117
     122
     132
     123
     136
     144
     128
     157
     134
     109
     123
     131
     109
     127
     125
     165
     144
     141
     133
     148
     139
     145
     146
     127
     156
     136
     145
     157
     148
     164
     162
     172
     147
     169
     153
     166
     168
     159
     151
     171
     169
     187
     175
     175
     169
     174
     125
     186
     162
     179
     175
     193
     185
     196
     202
     216
     189
     166
     197
     189
     196
     207
     214
     215
     215
     192
     221
     217
     202
     205
     207
     249
     238
     226
     218
     254
     211
     258
     254
     247
     270
     238
     294
     259
     248
     277
     273
     266
     247
     243
     267
     274
     292
     285
     318
     270
     257
     291
     295
     280
     299
     267
     324
     303
     343
     323
     315
     315
     329
     346
     314
     342
     359
     309
     353
     367
     309
     329
     342
     399
     413
     392
     377
     425
     385
     372
     378
     415
     424
     429
     413
     402
     396
     401
     412
     445
     463
     405
     440
     408
     439
     459
     438
     497
     460
     419
     453
     453
     433
     434
     441
     455
     497
     462
     476
     460
     479
     488
     483
     507
     444
     519
     465
     491
     521
     533
     510
     527
     507
     527
     547
     521
     537
     534
     530
     552
     497
     518
     547
     564
     527
     562
     553
     563
     555
     586
     571
     639
     532
     603
     631
     626
     563
     560
     582
     611
     584
     604
     598
     589
     564
     529
     604
     575
     602
     573
     627
     629
     574
     607
     634
     593
     641
     589
     627
     618
     606
     606
     636
     642
     648
     613
     659
     646
     657
     589
     635
     628
     633
     657
     588
     644
     630
     596
     657
     632
     629
     636
     680
     671
     635
     663
     606
     622
     621
     626
     661
     618
     613
     636
     605
     623
     647
     664
     603
     621
     674
     581
     601
     658
     641
     642
     675
     643
     629
     631
     664
     686
     627
     650
     623
     565
     620
     644
     579
     596
     580
     602
     586
     624
     572
     611
     563
     614
     632
     539
     595
     572
     565
     625
     572
     600
     596
     567
     555
     593
     546
     542
     539
     594
     519
     572
     549
     585
     515
     554
     566
     540
     540
     520
     561
     501
     541
     521
     549
     542
     537
     501
     499
     505
     547
     532
     535
     490
     477
     468
     519
     488
     499
     496
     476
     488
     491
     518
     461
     475
     454
     473
     422
     452
     412
     438
     507
     379
     432
     462
     461
     397
     461
     452
     391
     429
     401
     419
     436
     411
     434
     353
     399
     376
     402
     395
     384
     380
     397
     384
     372
     370
     365
     401
     379
     356
     341
     379
     382
     355
     328
     375
     340
     368
     333
     343
     323
     350
     338
     338
     318
     334
     291
     289
     313
     330
     284
     330
     298
     306
     304
     294
     298
     292
     296
     271
     290
     280
     271
     282
     251
     245
     275
     264
     261
     227
     247
     236
     274
     254
     239
     231
     240
     269
     216
     234
     223
     254
     218
     252
     231
     229
     201
     208
     217
     221
     257
     235
     250
     225
     218
     191
     218
     182
     178
     214
     210
     197
     197
     198
     200
     171
     186
     175
     185
     209
     199
     192
     175
     172
     178
     200
     158
     170
     154
     140
     184
     171
     157
     157
     157
     146
     132
     139
     149
     165
     155
     147
     145
     161
     131
     138
     139
     131
     129
     136
     129
     128
     128
     140
     126
     146
     137
     126
     122
     119
     119
     118
     122
     121
     117
     131
     113
     116
     124
     100
     121
     125
     108
     125
     129
     120
      85
     111
     106
     115
     121
     105
     105
      82
     118
     101
     108
     105
      95
      97
      98
      96
     121
      91
      94
      89
      77
      85
      86
      91
      85
      95
      82
      93
      82
      92
      76
      91
      96
      78
      75
      83
      86
      72
      85
      87
      90
      77
      89
      71
      66
      78
      72
      70
      59
      74
      76
      74
      63
      83
      64
      79
      75
      54
      80
      85
      72
      74
      76
      84
      75
      65
      77
      57
      62
      58
      70
      66
      68
      73
      48
      64
      58
      60
      77
      82
      56
      71
      51
      75
      57
      57
      64
      58
      61
      53
      72
      57
      52
      66
      60
      64
      40
      56
      51
      49
      49
      47
      62
      52
      47
      50
      65
      52
      58
      49
      51
      47
      41
      46
      47
      53
      41
      53
      50
      44
      48
      56
      46
      47
      39
      39
      51
      36
      42
      47
      43
      54
      47
      36
      46
      40
      43
      45
      48
      50
      32
      50
      43
      33
      47
      47
      34
      50
      52
      38
      58
      43
      40
      48
      46
      34
      59
      36
      27
      35
      46
      37
      36
      29
      29
      38
      52
      38
      39
      48
      37
      37
      38
      35
      34
      34
      40
      30
      34
      28
      36
      43
      35
      38
      46
      37
      35
      41
      39
      28
      29
      27
      36
      40
      38
      29
      33
      36
      20
      32
      36
      32
      28
      37
      33
      31
      38
      32
      27
      22
      22
      31
      24
      33
      34
      32
      27
      28
      31
      33
      38
      28
      24
      43
      26
      30
      36
      29
      29
      25
      25
      24
      26
      25
      30
      34
      31
      16
      23
      28
      35
      33
      22
      26
      26
      22
      27
      15
      20
      33
      28
      31
      24
      30
      26
      32
      24
      28
      32
      24
      22
      19
      21
      24
      18
      32
      25
      22
      22
      29
      22
      26
      26
      28
      26
      19
      24
      20
      24
      20
      16
      18
      23
      25
      22
      21
      30
      23
      19
      25
      25
      18
      17
      19
      26
      14
      20
      22
      25
      29
      14
      19
      24
      14
      15
      19
      14
      17
      21
      18
      11
      22
      29
      26
      25
      13
      21
      17
      21
      18
      17
      17
      17
      25
      14
      18
      17
      19
      18
      20
      20
      17
      12
      10
      24
      16
      25
      24
      13
      17
      18
      11
      15
      12
      21
      24
      10
      12
      19
      14
      26
      13
      14
      17
      15
      14
      20
      19
       9
      12
      24
      18
      17
      14
      14
      11
      22
      11
      16
      11
      21
      20
      18
      13
      13
      10
      16
      11
       7
      12
      19
      18
      24
      14
      11
      20
      13
      14
      13
      18
       7
      12
      11
      13
      16
      13
      15
      15
      13
      16
      18
      14
      18
      15
      15
      10
      15
      15
      11
      15
      10
      16
      10
      10
      14
      11
      10
      16
      13
      10
      18
      11
      11
      11
      13
      11
      11
      16
      13
      14
      11
      17
      14
      12
      13
       4
      11
       6
      18
      12
      13
      15
       8
      16
       7
      20
      14
      10
      10
      10
      15
      10
      11
       7
       6
       8
      11
      13
       8
      11
      10
      14
      11
      10
      11
       9
      11
       7
       9
      11
      10
      11
      10
      15
       7
       9
      10
      10
      10
      10
       9
      10
      11
      10
      10
       8
       6
       4
       7
       9
       3
       8
       7
       3
      14
       9
       6
      10
       6
      14
       8
       6
      12
       6
       7
       8
      12
       7
      14
       8
       4
       8
       5
       9
      12
      14
       7
       8
       8
      11
       5
       6
       4
       8
      11
       4
      10
       8
       9
       8
       9
      10
       7
       3
      11
       3
       6
       6
       6
       6
       6
       5
       9
       6
       9
       5
       7
       4
       8
       8
       5
       3
      10
       4
       6
       8
      10
       6
       8
       7
      10
      14
       7
       6
       5
       9
       9
       6
      17
       6
       8
      11
       7
       6
       5
       5
       5
       9
       9
      11
       6
       7
       5
       6
      10
       6
       9
       9
       6
       9
       6
       7
       5
       6
       5
       8
       6
       3
       3
      11
       8
      11
       4
       9
       4
       7
       3
       4
       7
       5
       7
      11
       5
      12
       3
       7
       7
       6
       5
       8
       4
      11
       7
       5
       8
       5
       8
       3
       6
       6
       7
       7
       2
       5
       7
      11
       2
       5
       6
       4
       7
      12
       3
       3
       3
       3
       8
       6
       3
       7
       8
       8
       5
       7
       4
      10
       9
       7
       7
       6
       5
       2
       4
       6
       6
       5
       4
       2
       9
       3
       2
       5
       4
       5
       6
       5
       6
       5
       4
       1
       4
       5
       6
       6
       8
       3
       2
       8
       6
       8
       6
       3
       4
       8
       9
       5
       1
       5
       7
       4
       5
       7
       4
       7
       4
       3
       4
       5
       7
       5
       6
       5
       7
       2
       4
       3
       6
       5
       6
       5
       2
       3
       3
       1
       3
       2
       8
       3
       3
       4
       5
       3
       7
       3
       5
       4
       6
       3
       6
       7
       7
       7
       8
       3
       3
       4
       6
       7
       6
       4
       5
       5
       2
       3
       4
       4
       5
       4
       4
       8
       7
       4
       0
       4
       3
       8
       8
       5
       3
       5
       6
       7
       8
       4
      10
       6
       8
       2
       6
       1
       4
       7
       2
       0
       3
       6
       4
       5
       8
       3
       2
       6
       6
       6
      11
       3
       3
       6
       4
       4
       1
       4
       5
       2
       2
       3
       9
       1
       3
       5
       5
       9
       9
       2
       3
       6
       5
       2
       2
       4
       5
       6
       1
       5
       5
       6
      10
       4
       2
       8
       6
       4
       2
       4
       3
       2
       2
       1
       4
       1
       4
       5
       7
       3
       5
       5
       2
       5
       1
       2
       2
       2
       5
       4
       6
       4
       4
       3
       5
       2
       0
       2
       5
       5
       5
       2
       8
       8
       3
       2
       2
       6
       5
       3
       3
       7
       4
       4
       3
       3
       4
       2
       5
       4
       2
       5
       2
       5
       2
       2
       8
       3
       4
       6
       4
       2
       6
       1
       3
       4
       3
       4
       7
       6
       1
       7
       5
       2
       4
       4
       3
       4
       2
       2
       4
       3
       5
       7
       5
       4
       3
       2
       5
       4
       4
       5
       3
       6
       0
       5
       6
       4
       2
       5
       6
       3
       6
       2
       0
      10
       4
       2
       0
       4
       3
       6
       4
       5
       7
       4
       3
       6
       0
       5
       4
       2
       1
       6
       1
       7
       4
       2
       5
       6
       3
       4
       0
       5
       7
       2
       2
       4
       3
       1
       4
       2
       3
       2
       3
       5
       4
       2
       4
       1
       2
       2
       3
       3
       3
       4
       1
       4
       4
       2
       6
       2
       2
       5
       8
       2
       2
       6
       4
       2
       8
       3
       3
       2
       1
       4
       6
       2
       7
       6
       1
       1
       4
       4
       2
       1
       5
       3
       0
       4
       6
       0
       6
       3
       1
       3
       8
       3
       3
       7
       2
       4
       3
       1
       2
       2
       3
       5
       3
       1
       2
       1
       3
       4
       5
       3
       2
       5
       3
       6
       2
       1
       4
       7
       3
       2
       3
       2
       1
       5
       2
       5
       6
       1
       5
       6
       3
       1
       3
       2
       0
       2
       3
       4
       2
       5
       5
       4
       2
       4
       2
       1
       3
       7
       0
       0
       7
       0
       4
       4
       2
       0
       3
       3
       4
       5
       2
       2
       3
       4
       3
       4
       6
       3
       8
       5
       1
       4
       7
       3
       3
       4
       2
       3
       3
       8
       7
       2
       3
       7
       5
       2
       6
       6
       6
       2
       1
       3
       5
       1
       4
       4
       4
       3
       3
       4
       4
       2
       1
       1
       0
       3
       2
       4
       4
       5
       1
       3
       3
       4
       4
       0
       2
       2
       0
       7
       5
       1
       6
       2
       2
       4
       5
       3
       2
       4
       2
       3
       5
       1
       4
       1
       4
       1
       6
       3
       3
       3
       4
       2
       3
       2
       4
       2
       3
       3
       5
       3
       2
       5
       3
       4
       4
       6
       1
       5
       2
       4
       4
       3
       1
       4
       4
       2
       3
       5
       5
       4
       2
       2
       2
       1
       3
       3
       5
       3
       5
       1
       5
       8
       3
       3
       8
       3
       7
       2
       4
       3
       3
       4
       7
       1
       0
       4
       1
       5
       6
       5
       6
       3
       6
       5
       3
       4
       2
       6
       3
       2
       1
       4
       1
       4
       5
       4
       1
       4
       3
       3
       9
       3
       2
       4
       3
       1
       7
       3
       3
       3
       5
       1
       8
       1
       3
       1
       5
       6
       4
       2
       3
       5
       3
       5
       6
       5
       3
       1
       2
       2
       5
       4
       3
       1
       3
       3
       0
       3
       4
       1
       2
       2
       2
       0
       3
       1
       1
       2
       2
       2
       2
       3
       2
       1
       1
       2
       3
       0
       2
       5
       5
       2
       5
       4
       1
       3
       0
       3
       2
       1
       6
       2
       3
       2
       3
       5
       3
       0
       1
       3
       0
       1
       3
       4
       4
       3
       3
       2
       3
       6
       1
       3
       2
       2
       3
       1
       2
       3
       5
       2
       1
       3
       2
       5
       1
       4
       4
       6
       0
       2
       2
       1
       3
       4
       4
       2
       1
       2
       3
       3
       1
       1
       2
       2
       2
       3
       3
       1
       4
       4
       6
       4
       4
       1
       2
       2
       7
       3
       2
       3
       5
       2
       4
       4
       0
       3
       4
       4
       2
       1
       1
       0
       4
       4
       6
       1
       2
       4
       2
       4
       4
       3
       4
       2
       4
       5
       7
       2
       2
       5
       4
       2
       2
       3
       2
       3
       5
       3
       2
       2
       4
       3
       5
       0
       2
       1
       4
       3
       3
       1
       4
       3
       3
       3
       3
       3
       1
       1
       3
       4
       4
       1
       4
       1
       6
       1
       6
       3
       4
       6
       4
       2
       8
       4
       3
       3
       2
       3
       1
       2
       4
       6
       1
       2
       2
       2
       3
       5
       4
       3
       2
       4
       3
       2
       1
       5
       4
       6
       2
       5
       1
       2
       2
       0
       3
       2
       5
       5
       3
       1
       2
       1
       4
       3
       0
       2
       1
       1
       1
       5
       2
       3
       0
       1
       8
       1
       6
       2
       6
       4
       0
       2
       1
       3
       3
       3
       2
       1
       2
       5
       3
       2
       4
       3
       0
       1
       4
       4
       2
       0
       3
       3
       3
       5
       2
       1
       5
       2
       3
       2
       1
       2
       4
       1
       7
       1
       1
       1
       5
       4
       2
       3
       1
       0
       1
       2
       2
       0
       3
       4
       5
       3
       2
       1
       6
       3
       6
       2
       1
       4
       0
       1
       4
       3
       1
       2
       2
       1
       8
       2
       0
       6
       1
       1
       2
       2
       2
       1
       2
       2
       2
       7
       0
       2
       3
       1
       4
       2
       1
       4
       2
       1
       0
       4
       5
       2
       1
       5
       3
       5
       3
       1
       4
       2
       1
       2
       5
       3
       0
       1
       4
       2
       3
       1
       4
       4
       3
       2
       3
       3
       6
       8
       2
       1
       2
       2
       2
       1
       2
       1
       2
       4
       2
       4
       5
       0
       3
       3
       3
       2
       3
       2
       2
       4
       6
       3
       4
       6
       3
       1
       3
       3
       1
       5
       0
       5
       6
       2
       5
       4
       0
       4
       2
       3
       4
       0
       2
       1
       4
       2
       3
       0
       4
       5
       1
       4
       5
       2
       1
       0
       2
       2
       1
       3
       2
       1
       4
       2
       0
       2
       3
       4
       3
       3
       1
       3
       2
       1
       2
       3
       0
       2
       3
       3
       5
       1
       6
       3
       2
       1
       5
       4
       1
       0
       2
       6
       0
       3
       3
       1
       4
       3
       1
       3
       0
       2
       3
       2
       2
       3
       2
       2
       2
       1
       0
       2
       1
       2
       1
       6
       1
       0
       1
       2
       3
       1
       0
       0
       2
       0
       4
       3
       2
       3
       1
       2
       1
       3
       1
       1
       1
       0
       1
       1
       1
       4
       1
       2
       4
       3
       5
       1
       4
       4
       1
       1
       2
       2
       3
       2
       0
       3
       1
       2
       2
       3
       4
       3
       1
       0
       1
       0
       2
       4
       2
       1
       1
       2
       3
       6
       2
       1
       3
       1
       5
       2
       4
       0
       2
       1
       1
       3
       5
       3
       2
       2
       3
       2
       3
       1
       3
       1
       2
       3
       4
       3
       2
       2
       1
       1
       3
       3
       4
       3
       4
       0
       3
       5
       2
       2
       1
       3
       3
       2
       3
       1
       3
       0
       2
       1
       2
       2
       3
       2
       2
       4
       2
       3
       3
       3
       1
       4
       3
       4
       2
       1
       2
       4
       2
       1
       1
       0
       7
       2
       5
       1
       1
       5
       1
       0
       0
       1
       1
       2
       2
       2
       3
       2
       5
       4
       2
       3
       2
       6
       1
       2
       1
       4
       0
       1
       2
       2
       1
       5
       3
       2
       2
       1
       0
       0
       5
       1
       2
       1
       3
       4
       2
       4
       4
       0
       2
       3
       2
       3
       0
       5
       1
       4
       1
       0
       1
       5
       2
       2
       1
       1
       2
       3
       4
       2
       2
       0
       4
       2
       0
       0
       0
       1
       0
       2
       2
       5
       3
       2
       5
       4
       2
       3
       2
       4
       3
       5
       2
       2
       1
       2
       2
       6
       1
       2
       3
       1
       5
       1
       5
       1
       4
       1
       1
       1
       1
       2
       2
       1
       1
       5
       3
       1
       2
       0
       5
       0
       0
       2
       0
       4
       2
       1
       3
       1
       0
       2
       0
       1
       3
       1
       2
       1
       2
       4
       2
       0
       5
       2
       1
       2
       2
       2
       1
       0
       2
       4
       5
       1
       4
       3
       4
       2
       1
       3
       1
       0
       1
       3
       4
       6
       1
       4
       3
       3
       4
       1
       3
       2
       0
       0
       2
       1
       0
       1
       4
       0
       1
       1
       2
       1
       1
       1
       2
       2
       2
       1
       2
       2
       1
       3
       5
       2
       6
       2
       2
       3
       2
       4
       1
       3
       1
       2
       2
       2
       2
       3
       1
       2
       0
       1
       5
       3
       0
       4
       3
       1
       1
       2
       0
       2
       2
       1
       1
       3
       0
       2
       3
       3
       3
       1
       0
       5
       4
       2
       2
       2
       1
       3
       0
       2
       0
       1
       1
       0
       1
       2
       0
       1
       3
       5
       2
       0
       4
       1
       4
       0
       2
       2
       1
       2
       3
       4
       2
       3
       1
       1
       3
       3
       1
       2
       2
       0
       1
       1
       1
       2
       2
       4
       2
       2
       0
       0
       1
       1
       0
       1
       1
       5
       0
       1
       0
       1
       4
       2
       1
       0
       0
       6
       4
       0
       3
       3
       2
       1
       2
       1
       2
       0
       2
       4
       1
       2
       1
       1
       3
       1
       2
       2
       0
       3
       0
       0
       1
       2
       0
       0
       3
       1
       1
       1
       6
       3
       3
       2
       1
       1
       2
       3
       0
       1
       5
       0
       1
       5
       2
       3
       0
       2
       1
       0
       2
       5
       3
       2
       2
       2
       0
       2
       3
       2
       3
       2
       4
       4
       1
       3
       2
       0
       0
       2
       2
       1
       2
       3
       3
       0
       2
       3
       1
       4
       4
       3
       1
       0
       3
       1
       1
       2
       1
       1
       3
       1
       5
       1
       1
       1
       3
       2
       2
       1
       1
       3
       2
       2
       4
       1
       1
       4
       2
       3
       1
       1
       1
       5
       0
       1
       2
       2
       3
       3
       0
       4
       1
       1
       0
       4
       1
       0
       0
       2
       5
       4
       1
       2
       1
       2
       1
       2
       6
       3
       2
       2
       3
       2
       4
       1
       6
       4
       4
       0
       2
       2
       0
       2
       1
       2
       5
       1
       4
       1
       1
       2
       1
       1
       1
       4
       4
       0
       3
       1
       1
       1
       1
       0
       2
       2
       2
       2
       1
       0
       1
       2
       0
       3
       2
       0
       0
       0
       2
       1
       4
       2
       5
       2
       3
       2
       0
       0
       0
       2
       0
       0
       2
       3
       2
       5
       1
       2
       3
       1
       2
       2
       4
       0
       2
       1
       2
       1
       3
       3
       3
       4
       1
       3
       3
       6
       6
       1
       3
       2
       2
       3
       5
       1
       0
       0
       2
       2
       1
       1
       3
       4
       0
       2
       1
       1
       1
       3
       1
       1
       4
       2
       3
       1
       2
       1
       2
       1
       2
       0
       1
       1
       2
       2
       6
       0
       2
       1
       3
       2
       4
       0
       1
       1
       1
       1
       0
       5
       2
       1
       3
       1
       2
       1
       1
       1
       0
       0
       4
       1
       4
       0
       1
       3
       1
       2
       1
       2
       0
       1
       2
       3
       3
       3
       0
       1
       1
       1
       2
       0
       1
       1
       2
       1
       2
       1
       2
       1
       2
       3
       1
       4
       1
       3
       1
       2
       4
       1
       1
       2
       2
       2
       2
       5
       0
       2
       3
       4
       1
       1
       3
       3
       2
       4
       2
       1
       1
       4
       1
       0
       2
       0
       2
       0
       0
       2
       2
       1
       2
       1
       1
       0
       2
       3
       1
       4
       2
       1
       0
       1
       0
       2
       0
       0
       3
       0
       1
       2
       0
       0
       0
       4
       2
       0
       0
       0
       1
       0
       2
       4
       2
       1
       4
       0
       2
       2
       1
       0
       1
       3
       0
       1
       1
       2
       3
       2
       1
       3
       2
       7
       4
       2
       4
       1
       1
       0
       4
       3
       1
       0
       1
       0
       1
       1
       1
       2
       0
       0
       1
       0
       0
       2
       1
       1
       3
       2
       1
       1
       4
       1
       1
       1
       1
       0
       1
       2
       0
       2
       1
       1
       1
       3
       3
       3
       1
       1
       0
       2
       3
       0
       1
       1
       0
       3
       3
       1
       0
       1
       3
       0
       3
       1
       3
       3
       1
       0
       0
       1
       3
       2
       2
       4
       1
       0
       4
       0
       2
       3
       0
       1
       3
       0
       0
       0
       0
       1
       0
       3
       1
       0
       2
       1
       1
       1
       0
       5
       3
       1
       0
       3
       0
       1
       2
       2
       2
       0
       1
       2
       2
       2
       1
       2
       1
       1
       4
       1
       4
       4
       3
       1
       3
       2
       4
       1
       1
       5
       2
       1
       1
       2
       2
       2
       1
       1
       1
       4
       1
       2
       1
       1
       2
       0
       0
       2
       1
       1
       0
       1
       3
       3
       2
       2
       1
       0
       1
       1
       1
       0
       1
       2
       1
       0
       0
       0
       3
       0
       3
       2
       1
       0
       1
       3
       1
       0
       1
       1
       2
       2
       0
       2
       0
       1
       0
       0
       0
       1
       1
       0
       1
       1
       0
       1
       1
       1
       2
       1
       2
       3
       2
       3
       1
       0
       0
       4
       0
       1
       2
       1
       3
       2
       4
       2
       1
       1
       2
       1
       1
       0
       2
       0
       1
       4
       2
       3
       2
       1
       3
       1
       4
       1
       4
       2
       2
       0
       0
       1
       2
       0
       1
       1
       1
       2
       0
       3
       3
       4
       1
       0
       2
       2
       3
       3
       3
       0
       3
       0
       1
       1
       2
       1
       4
       1
       3
       1
       2
       1
       2
       3
       2
       0
       0
       2
       4
       5
       5
       4
       3
       1
       0
       3
       2
       2
       0
       0
       0
       2
       0
       2
       1
       2
       1
       2
       1
       0
       1
       1
       2
       4
       0
       2
       1
       2
       2
       2
       0
       1
       3
       3
       2
       4
       2
       3
       4
       1
       1
       3
       2
       0
       2
       0
       1
       1
       1
       2
       1
       2
       1
       2
       1
       3
       3
       1
       0
       2
       1
       1
       2
       1
       2
       1
       1
       0
       1
       2
       1
       0
       2
       1
       0
       0
       2
       1
       2
       2
       0
       2
       1
       3
       1
       2
       1
       0
       1
       1
       2
       0
       1
       3
       0
       1
       1
       2
       3
       1
       0
       3
       2
       1
       0
       1
       2
       0
       3
       1
       2
       2
       4
       2
       1
       0
       0
       1
       1
       3
       1
       1
       1
       3
       0
       1
       1
       2
       0
       0
       0
       2
       0
       0
       1
       2
       3
       1
       2
       1
       0
       2
       0
       2
       2
       1
       1
       1
       2
       0
       2
       1
       1
       2
       1
       4
       4
       0
       3
       1
       1
       2
       0
       0
       1
       2
       0
       2
       0
       3
       2
       1
       4
       3
       0
       1
       3
       1
       1
       1
       3
       1
       0
       0
       0
       0
       4
       1
       2
       0
       0
       3
       2
       0
       2
       2
       1
       1
       2
       2
       1
       0
       2
       0
       1
       1
       0
       4
       2
       5
       1
       1
       1
       1
       0
       1
       0
       0
       1
       1
       0
       1
       4
       2
       0
       2
       0
       1
       4
       1
       0
       2
       1
       3
       0
       3
       1
       2
       2
       1
       1
       3
       1
       2
       0
       3
       1
       1
       2
       0
       3
       1
       0
       2
       1
       1
       1
       3
       2
       3
       2
       2
       3
       2
       2
       2
       1
       0
       2
       1
       2
       2
       2
       0
       0
       2
       1
       5
       1
       1
       3
       1
       3
       0
       2
       2
       2
       2
       3
       1
       1
       3
       1
       1
       0
       1
       2
       1
       2
       1
       1
       0
       0
       1
       1
       0
       2
       0
       3
       3
       2
       4
       1
       1
       2
       3
       1
       1
       2
       2
       1
       2
       2
       1
       1
       3
       2
       1
       5
       1
       1
       0
       0
       4
       0
       0
       0
       3
       0
       0
       1
       0
       1
       2
       1
       2
       0
       0
       3
       3
       5
       1
       1
       0
       2
       1
       0
       2
       2
       2
       0
       0
       3
       2
       2
       5
       3
       2
       0
       1
       1
       2
       2
       4
       0
       2
       0
       3
       1
       1
       1
       1
       0
       1
       1
       0
       1
       3
       2
       0
       1
       5
       1
       2
       4
       2
       0
       1
       0
       4
       2
       2
       2
       2
       0
       3
       1
       3
       0
       3
       0
       6
       2
       1
       2
       2
       1
       1
       0
       2
       3
       1
       1
       1
       2
       0
       1
       1
       2
       0
       0
       1
       0
       2
       1
       1
       0
       1
       0
       1
       0
       3
       0
       1
       1
       2
       2
       1
       0
       2
       3
       2
       2
       1
       1
       3
       1
       5
       1
       1
       1
       3
       1
       4
       2
       1
       0
       1
       2
       2
       4
       1
       1
       0
       1
       3
       1
       2
       2
       3
       1
       1
       0
       1
       0
       0
       2
       0
       0
       2
       0
       0
       3
       0
       2
       1
       2
       5
       0
       0
       1
       0
       1
       2
       1
       2
       2
       0
       4
       0
       0
       2
       2
       1
       1
       2
       1
       3
       2
       3
       1
       1
       1
       2
       2
       0
       4
       2
       1
       1
       3
       1
       1
       2
       0
       2
       1
       0
       1
       3
       4
       2
       0
       0
       0
       0
       0
       1
       1
       1
       2
       1
       2
       1
       3
       1
       1
       0
       3
       1
       0
       2
       1
       3
       1
       1
       3
       1
       2
       4
       0
       1
       1
       2
       4
       0
       1
       3
       0
       1
       0
       2
       3
       0
       0
       0
       1
       4
       1
       2
       4
       0
       2
       2
       3
       4
       1
       2
       0
       2
       0
       1
       0
       1
       0
       2
       3
       3
       2
       1
       3
       2
       1
       2
       1
       2
       0
       1
       0
       2
       3
       1
       3
       0
       4
       4
       2
       0
       2
       1
       2
       1
       3
       1
       1
       0
       2
       0
       3
       0
       2
       1
       1
       2
       3
       3
       1
       3
       0
       1
       1
       3
       1
       0
       0
       0
       1
       0
       2
       1
       2
       1
       3
       0
       2
       1
       1
       1
       1
       1
       1
       1
       1
       3
       4
       2
       0
       3
       2
       3
       1
       0
       2
       0
       0
       0
       1
       1
       3
       1
       1
       0
       1
       1
       2
       1
       0
       3
       2
       2
       1
       1
       0
       1
       1
       0
       0
       2
       2
       3
       2
       0
       2
       3
       0
       2
       0
       0
       4
       2
       1
       2
       1
       0
       0
       2
       1
       2
       1
       0
       1
       1
       1
       0
       0
       2
       3
       3
       1
       0
       1
       0
       1
       1
       0
       2
       1
       1
       2
       0
       1
       0
       0
       0
       1
       1
       0
       1
       0
       0
       2
       2
       0
       4
       5
       1
       1
       4
       1
       0
       4
       4
       2
       1
       2
       2
       1
       1
       2
       3
       1
       0
       0
       3
       4
       3
       1
       3
       3
       1
       0
       3
       3
       0
       0
       1
       2
       1
       2
       2
       1
       2
       2
       1
       3
       1
       0
       0
       4
       0
       1
       1
       0
       3
       0
       3
       2
       2
       1
       2
       2
       1
       1
       1
       2
       1
       1
       2
       2
       4
       1
       0
       1
       2
       2
       1
       0
       1
       0
       2
       2
       2
       0
       1
       0
       1
       2
       0
       3
       0
       4
       0
       1
       2
       2
       0
       3
       3
       1
       2
       0
       2
       0
       1
       0
       1
       0
       1
       0
       2
       0
       0
       1
       1
       1
       2
       3
       2
       1
       0
       1
       1
       0
       2
       1
       0
       0
       0
       1
       1
       3
       1
       2
       2
       1
       1
       2
       1
       1
       2
       1
       2
       2
       2
       0
       1
       2
       1
       2
       1
       1
       4
       1
       1
       0
       1
       0
       1
       1
       2
       1
       0
       0
       3
       1
       1
       0
       2
       1
       0
       2
       2
       1
       1
       0
       0
       1
       1
       1
       1
       0
       1
       3
       2
       2
       3
       0
       2
       4
       1
       2
       1
       1
       1
       1
       0
       0
       1
       2
       1
       1
       1
       3
       0
       0
       0
       1
       1
       2
       2
       3
       3
       1
       2
       0
       1
       2
       1
       0
       2
       1
       0
       1
       1
       3
       3
       0
       1
       2
       1
       1
       0
       2
       1
       1
       0
       1
       1
       2
       1
       1
       2
       0
       2
       1
       4
       2
       3
       1
       2
       0
       2
       2
       2
       0
       2
       3
       0
       1
       1
       1
       4
       2
       3
       2
       3
       2
       0
       0
       0
       2
       1
       4
       0
       2
       0
       2
       0
       1
       2
       0
       1
       0
       0
       1
       1
       3
       2
       0
       2
       0
       2
       1
       1
       1
       1
       0
       0
       0
       1
       1
       1
       0
       4
       1
       0
       0
       0
       0
       1
       0
       2
       0
       1
       0
       3
       0
       3
       0
       2
       0
       1
       1
       0
       1
       0
       0
       1
       0
       2
       1
       1
       0
       0
       1
       1
       4
       1
       0
       1
       3
       0
       4
       2
       1
       0
       0
       1
       1
       3
       0
       4
       2
       1
       0
       2
       1
       1
       1
       2
       3
       3
       0
       1
       0
       0
       0
       0
       1
       1
       0
       3
       0
       1
       2
       3
       1
       1
       0
       1
       1
       0
       1
       2
       0
       1
       0
       1
       1
       0
       0
       3
       1
       1
       1
       0
       1
       1
       1
       2
       1
       0
       0
       0
       0
       2
       3
       2
       0
       1
       0
       1
       0
       1
       2
       0
       0
       4
       2
       1
       3
       1
       1
       2
       1
       0
       1
       2
       0
       3
       2
       1
       3
       2
       1
       0
       0
       3
       2
       1
       0
       0
       4
       0
       0
       0
       3
       1
       1
       2
       2
       0
       2
       2
       1
       1
       2
       0
       2
       2
       1
       2
       1
       0
       2
       0
       2
       2
       1
       1
       4
       2
       1
       1
       0
       1
       1
       0
       0
       0
       0
       0
       1
       3
       0
       1
       0
       1
       3
       1
       1
       0
       2
       0
       2
       2
       1
       0
       1
       0
       2
       0
       0
       1
       4
       0
       2
       0
       1
       0
       1
       0
       0
       1
       1
       1
       0
       0
       2
       2
       0
       0
       0
       0
       4
       0
       1
       1
       0
       0
       1
       1
       0
       1
       1
       0
       1
       2
       0
       0
       0
       0
       1
       0
       0
       1
       2
       0
       0
       2
       0
       2
       0
       2
       1
       0
       1
       1
       1
       2
       0
       2
       2
       1
       1
       2
       0
       3
       4
       0
       1
       1
       3
       2
       0
       2
       2
       1
       0
       1
       2
       1
       3
       0
       0
       1
       1
       4
       2
       1
       2
       1
       0
       0
       0
       2
       2
       2
       1
       2
       0
       2
       0
       3
       0
       4
       2
       0
       0
       0
       0
       0
       0
       4
       0
       1
       4
       0
       2
       0
       0
       0
       2
       1
       2
       0
       3
       2
       3
       4
       1
       1
       1
       2
       0
       3
       0
       1
       1
       1
       0
       0
       1
       1
       0
       1
       0
       0
       0
       0
       1
       3
       0
       3
       0
       1
       2
       0
       0
       1
       1
       1
       1
       0
       1
       1
       1
       2
       1
       0
       1
       1
       1
       0
       1
       2
       0
       7
       0
       1
       1
       0
       2
       1
       1
       0
       0
       2
       1
       0
       0
       0
       0
       0
       1
       1
       2
       2
       1
       0
       1
       0
       0
       1
       0
       1
       0
       1
       1
       1
       0
       0
       1
       3
       3
       0
       0
       3
       0
       2
       2
       0
       0
       1
       0
       0
       1
       0
       3
       1
       0
       1
       0
       0
       0
       1
       0
       0
       1
       0
       1
       1
       0
       2
       0
       0
       1
       0
       0
       2
       1
       0
       0
       2
       2
       0
       0
       0
       2
       0
       2
       2
       1
       3
       1
       0
       1
       2
       1
       3
       1
       0
       1
       0
       1
       1
       1
       1
       2
       2
       0
       2
       1
       2
       2
       0
       0
       0
       0
       1
       3
       1
       1
       0
       1
       1
       0
       2
       1
       2
       2
       1
       3
       0
       1
       1
       0
       1
       0
       1
       1
       0
       0
       0
       0
       0
       0
       1
       0
       0
       2
       1
       2
       1
       0
       2
       1
       1
       1
       1
       2
       2
       0
       1
       1
       2
       1
       3
       0
       1
       0
       0
       2
       1
       4
       0
       3
       0
       1
       0
       2
       3
       1
       1
       1
       2
       1
       0
       0
       1
       0
       0
       2
       2
       0
       1
       1
       0
       4
       2
       0
       1
       0
       2
       2
       0
       1
       2
       0
       2
       1
       0
       3
       0
       0
       1
       0
       3
       3
       0
       1
       1
       1
       1
       0
       0
       0
       1
       0
       0
       0
       2
       2
       0
       1
       1
       3
       0
       1
       0
       1
       3
       0
       2
       0
       0
       0
       1
       2
       0
       1
       0
       1
       0
       0
       0
       1
       0
       2
       1
       0
       1
       0
       2
       1
       0
       2
       0
       3
       3
       1
       1
       0
       1
       0
       0
       0
       0
       2
       0
       0
       1
       0
       0
       1
       0
       0
       1
       1
       1
       2
       1
       1
       1
       1
       2
       0
       1
       2
       0
       2
       0
       2
       1
       0
       0
       1
       3
       0
       0
       1
       2
       0
       1
       1
       0
       2
       0
       3
       4
       0
       1
       0
       0
       2
       1
       1
       0
       2
       0
       0
       0
       1
       0
       0
       2
       1
       3
       0
       1
       1
       1
       1
       2
       1
       1
       1
       3
       1
       0
       0
       0
       2
       2
       0
       2
       0
       1
       1
       0
       0
       1
       1
       0
       0
       1
       1
       2
       1
       0
       1
       0
       0
       0
       0
       1
       0
       1
       1
       2
       0
       2
       3
       0
       1
       2
       0
       0
       0
       1
       1
       1
       1
       3
       2
       1
       1
       0
       0
       1
       0
       0
       1
       0
       0
       0
       1
       0
       1
       0
       0
       1
       1
       2
       1
       0
       0
       0
       0
       2
       0
       0
       0
       2
       1
       1
       3
       1
       0
       1
       1
       0
       0
       0
       0
       1
       0
       1
       1
       2
       0
       0
       1
       0
       1
       3
       0
       1
       1
       1
       1
       2
       3
       2
       0
       0
       1
       0
       2
       0
       2
       1
       2
       0
       1
       3
       0
       0
       2
       4
       1
       0
       1
       1
       1
       1
       2
       2
       0
       1
       2
       1
       1
       1
       0
       0
       2
       0
       0
       0
       1
       2
       0
       1
       1
       2
       0
       2
       1
       1
       1
       0
       3
       3
       1
       1
       1
       0
       0
       1
       1
       1
       0
       2
       0
       0
       1
       1
       1
       1
       0
       0
       2
       0
       2
       1
       0
       1
       1
       2
       1
       0
       1
       0
       1
       0
       1
       1
       2
       1
       1
       1
       2
       1
       0
       1
       0
       1
       1
       0
       1
       1
       0
       1
       2
       1
       1
       1
       1
       0
       2
       0
       0
       1
       0
       0
       2
       0
       0
       3
       1
       0
       1
       0
       1
       0
       3
       1
       0
       0
       1
       1
       2
       0
       1
       1
       2
       1
       0
       0
       1
       0
       1
       0
       2
       1
       0
       0
       1
       0
       2
       0
       0
       0
       0
       1
       0
       0
       0
       2
       0
       2
       2
       0
       2
       1
       0
       1
       2
       1
       1
       0
       1
       0
       1
       3
       0
       0
       0
       1
       0
       1
       2
       1
       0
       1
       1
       0
       2
       2
       2
       0
       0
       0
       2
       1
       2
       1
       0
       0
       0
       0
       1
       1
       1
       0
       2
       1
       1
       2
       1
       1
       2
       1
       0
       0
       1
       1
       1
       0
       1
       1
       0
       2
       1
       0
       0
       0
       1
       0
       0
       0
       2
       0
       0
       2
       3
       1
       0
       0
       1
       1
       0
       1
       1
       2
       2
       2
       1
       1
       0
       1
       1
       2
       0
       1
       2
       1
       2
       1
       0
       2
       0
       2
       2
       2
       4
       0
       1
       1
       1
       0
       0
       0
       2
       2
       0
       0
       2
       2
       1
       2
       0
       0
       0
       2
       0
       1
       0
       0
       2
       3
       1
       0
       1
       2
       0
       1
       0
       1
       0
       0
       3
       2
       0
       0
       0
       0
       2
       1
       0
       1
       0
       2
       1
       2
       1
       0
       0
       2
       1
       2
       1
       1
       1
       1
       2
       0
       1
       0
       0
       2
       1
       0
       0
       1
       1
       0
       0
       1
       2
       2
       1
       1
       0
       3
       1
       2
       1
       1
       0
       0
       1
       1
       1
       1
       0
       0
       1
       0
       0
       1
       0
       1
       0
       1
       0
       2
       0
       1
       0
       0
       0
       0
       1
       0
       0
       1
       2
       0
       0
       1
       1
       2
       1
       1
       0
       0
       0
       2
       1
       0
       1
       0
       0
       0
       1
       1
       0
       0
       1
       0
       3
       1
       3
       2
       0
       0
       1
       1
       2
       0
       2
       0
       0
       1
       1
       0
       1
       0
       3
       1
       1
       2
       0
       3
       1
       0
       3
       0
       0
       0
       0
       0
       1
       1
       0
       0
       1
       0
       1
       0
       0
       1
       2
       1
       2
       2
       0
       1
       1
       2
       1
       0
       0
       1
       1
       5
       0
       2
       0
       0
       3
       1
       0
       1
       1
       1
       0
       1
       1
       0
       1
       0
       0
       2
       1
       1
       1
       1
       1
       0
       2
       2
       1
       0
       0
       0
       2
       0
       0
       0
       1
       0
       0
       0
       0
       1
       0
       0
       1
       1
       1
       3
       0
       3
       2
       0
       1
       1
       2
       2
       0
       1
       2
       2
       0
       1
       1
       0
       0
       2
       0
       0
       0
       2
       1
       0
       1
       0
       2
       2
       1
       2
       0
       0
       0
       1
       0
       1
       0
       0
       1
       0
       1
       0
       1
       0
       2
       1
       0
       1
       0
       0
       0
       0
       0
       2
       0
       0
       1
       0
       2
       2
       0
       0
       0
       0
       0
       1
       0
       1
       0
       0
       3
       2
       0
       0
       1
       1
       0
       0
       0
       1
       1
       2
       1
       1
       1
       1
       0
       2
       0
       0
       0
       3
       0
       0
       0
       1
       0
       0
       0
       0
       1
       0
       0
       2
       0
       1
       1
       2
       1
       0
       0
       1
       0
       0
       0
       0
       0
       2
       0
       0
       1
       2
       1
       1
       2
       2
       0
       3
       0
       0
       1
       1
       0
       1
       0
       0
       1
       1
       0
       0
       1
       1
       1
       1
       1
       0
       1
       0
       0
       2
       0
       0
       0
       0
       1
       1
       1
       0
       0
       0
       1
       1
       2
       0
       1
       2
       1
       1
       1
       0
       2
       0
       1
       1
       0
       1
       0
       0
       0
       0
       0
       0
       0
       1
       1
       0
       0
       1
       1
       0
       0
       3
       1
       0
       0
       1
       2
       0
       0
       0
       0
       2
       0
       0
       0
       0
       1
       1
       0
       1
       1
       2
       0
       0
       0
       4
       2
       1
       2
       0
       0
       0
       1
       0
       0
       1
       0
       2
       0
       0
       0
       0
       3
       0
       0
       1
       0
       0
       0
       1
       0
       2
       0
       1
       1
       1
       1
       0
       1
       1
       0
       0
       1
       0
       0
       0
       1
       0
       0
       1
       1
       2
       1
       0
       0
       2
       1
       1
       1
       1
       0
       1
       0
       0
       2
       1
       1
       2
       2
       2
       0
       1
       2
       0
       2
       2
       0
       0
       0
       2
       0
       0
       0
       1
       0
       1
       1
       0
       1
       1
       0
       0
       1
       0
       0
       0
       0
       0
       1
       0
       0
       1
       1
       1
       1
       0
       1
       0
       1
       0
       1
       2
       1
       2
       1
       0
       1
       0
       0
       1
       1
       2
       2
       0
       2
       0
       1
       0
       2
       2
       0
       1
       1
       1
       1
       2
       3
       0
       1
       1
       0
       0
       0
       1
       1
       1
       2
       1
       2
       2
       0
       1
       0
       1
       0
       0
       1
       0
       0
       0
       0
       0
       1
       0
       0
       2
       1
       0
       0
       0
       0
       0
       2
       0
       1
       1
       1
       0
       1
       0
       2
       0
       1
       1
       1
       2
       0
       1
       1
       0
       1
       1
       0
       0
       0
       1
       0
       1
       2
       1
       2
       1
       0
       1
       0
       0
       1
       0
       0
       1
       1
       0
       0
       1
       1
       0
       2
       0
       1
       1
       0
       1
       0
       0
       0
       1
       1
       1
       3
       0
       0
       0
       1
       1
       0
       1
       0
       2
       0
       0
       1
       2
       1
       1
       0
       1
       2
       1
       0
       0
       0
       2
       0
       2
       0
       0
       0
       2
       0
       0
       1
       0
       3
       1
       2
       0
       2
       0
       0
       0
       0
       1
       1
       1
       0
       0
       0
       1
       1
       0
       2
       0
       0
       1
       0
       0
       0
       2
       0
       0
       0
       2
       2
       0
       0
       0
       0
       0
       0
       0
       0
       0
       2
       0
       1
       0
       2
       0
       0
       1
       0
       0
       0
       0
       0
       0
       0
       0
       0
       0
       0
       0
       0
       0
       1
       0
       1
       0
       0
       3
       1
       1
       1
       0
       1
       3
       2
       0
       1
       0
       1
       1
       1
       0
       0
       1
       0
       1
       1
       2
       2
       0
       1
       2
       2
       2
       1
       0
       1
       0
       0
       1
       1
       0
       0
       0
       1
       0
       1
       0
       1
       3
       1
       1
       0
       2
       1
       0
       0
       2
       0
       0
       0
       1
       0
       0
       1
       2
       2
       0
       0
       0
       1
       0
       0
       0
       0
       0
       0
       0
       0
       0
       0
       0
       0
       1
       1
       0
       0
       0
       1
       3
       0
       1
       0
       2
       1
       0
       1
       0
       2
       0
       0
       1
       1
       0
       0
       2
       1
       0
       0
       1
       0
       0
       0
       0
       1
       0
       0
       0
       0
       0
       1
       0
       0
       1
       0
       0
       2
       1
       3
       2
       0
       0
       0
       2
       0
       1
       0
       2
       0
       0
       1
       0
       2
       2
       0
       2
       0
       0
       0
       0
       0
       1
       0
       0
       0
       1
       3
       0
       1
       2
       1
       0
       0
       1
       3
       1
       1
       0
       2
       0
       0
       2
       1
       0
       0
       1
       0
       0
       0
       3
       0
       0
       1
       1
       2
       0
       2
       1
       1
       0
       1
       2
       0
       0
       0
       2
       0
       0
       0
       0
       0
       1
       0
       1
       0
       1
       0
       0
       1
       1
       1
       0
       2
       0
       0
       1
       1
       1
       0
       1
       1
       0
       0
       2
       1
       0
       1
       0
       0
       1
       0
       0
       1
       0
       1
       0
       0
       0
       0
       1
       1
       0
       0
       1
       0
       0
       0
       1
       2
       0
       1
       0
       1
       0
       1
       1
       0
       0
       0
       1
       1
       0
       1
       2
       0
       1
       1
       0
       0
       0
       1
       0
       0
       0
       2
       2
       1
       0
       0
       0
       0
       0
       1
       1
       0
       1
       1
       0
       1
       1
       1
       2
       2
       1
       3
       0
       1
       0
       0
       2
       1
       1
       1
       1
       1
       0
       1
       1
       0
       1
       1
       2
       1
       2
       1
       3
       1
       1
       0
       0
       0
       1
       1
       2
       1
       3
       2
       0
       0
       1
       3
       0
       1
       0
       0
       0
       1
       2
       1
       1
       0
       1
       1
       1
       0
       0
       0
       1
       1
       1
       1
       1
       0
       1
       0
       0
       0
       0
       1
       0
       1
       0
       0
       1
       0
       0
       1
       0
       2
       1
       2
       2
       1
       2
       1
       2
       0
       0
       0
       0
       1
       0
       1
       1
       1
       0
       1
       1
       0
       1
       1
       0
       0
       0
       0
       0
       0
       1
       0
       0
       0
       0
       0
       1
       1
       0
       0
       1
       0
       1
       0
       1
       0
       1
       0
       0
       0
       0
       0
       0
       1
       0
       0
       0
       0
       0
       0
       0
       0
       1
       0
       0
       0
       0
       0
       0
       0
       0
       1
       0
       0
       0
       0
       0
       0
       0
       0
       0
       0
       0
       0
       0
       0
       0
       0
       0
       0
       0
       0
       0
       0
       0
       0
       0
       0
       0
       0
$ROI:
0
$PRESETS:
None
0
0
$ENER_FIT:
-195.376602 1.308774
$MCA_CAL:
3
-1.953766E+002 1.308774E+000 0.000000E+000
$SHAPE_CAL:
3
7.101761E+001 -9.336430E-003 0.000000E+000
