$SPEC_ID:
No sample description was entered.
$SPEC_REM:
DET# 1
DETDESC# MCB 338
AP# GammaVision Version 6.01
$DATE_MEA:
01/26/2018 15:03:45
$MEAS_TIM:
335 335
$DATA:
0 1023
       0
       0
       0
       0
       0
       0
       0
       0
       0
      23
     153
     140
     135
     123
     124
     124
      95
     112
     110
     106
      81
      85
      95
      72
      91
      85
      68
      82
      71
      80
      67
      74
      52
      64
      63
      56
      59
      56
      70
      51
      56
      53
      57
      27
      35
      45
      38
      33
      43
      30
      43
      27
      33
      39
      33
      34
      36
      27
      37
      28
      29
      25
      20
      31
      20
      22
      22
      27
      16
      13
      19
      16
      19
      21
      17
      30
      22
      17
      16
      12
       9
       9
      15
      12
      15
      12
       8
      14
      14
      15
       5
       6
       7
      10
       8
       8
       6
      10
      12
      10
       7
       4
      12
      12
       8
      12
      10
       7
       6
      10
      15
       8
       3
       7
       5
       6
       7
       7
       4
       7
      11
       7
       8
       5
       5
       5
       2
       7
       8
       5
       6
       6
       6
       5
       2
       4
       5
       7
       7
       3
       3
      10
       7
       2
       2
       2
       5
       6
       6
       4
       5
       3
       5
       2
       9
       6
       3
       4
       7
       3
       5
       4
       2
       3
       4
       6
       2
       3
       4
       6
       3
       3
       1
       2
       6
       3
       1
       4
       4
       3
       4
       2
       4
       3
       5
       3
       7
       7
       3
       2
       2
       4
       0
       8
       4
       4
       2
       6
       5
       5
       2
       0
       1
       5
       2
       2
       4
       4
       4
       3
       1
       1
       3
       5
       4
       4
       3
       3
       2
       6
       6
       3
       3
       3
       5
       3
       3
       2
       3
       5
       0
       2
       0
       3
       1
       0
       4
       5
       3
       3
       4
       0
       4
       2
       3
       2
       4
       2
       5
       3
       2
       3
       3
       3
       0
       3
       2
       3
       3
       3
       1
       2
       4
       2
       2
       3
       3
       2
       3
       4
       4
       5
       1
       3
       4
       2
       3
       2
       2
       0
       0
       2
       2
       2
       3
       4
       1
       1
       0
       3
       0
       4
       3
       1
       3
       2
       4
       0
       4
       3
       0
       3
       1
       1
       1
       1
       1
       4
       1
       3
       2
       1
       3
       3
       3
       2
       0
       4
       2
       3
       0
       0
       1
       4
       1
       1
       2
       0
       0
       0
       1
       0
       2
       4
       0
       0
       2
       1
       1
       3
       1
       1
       1
       4
       1
       0
       1
       4
       0
       2
       1
       3
       1
       0
       2
       1
       2
       0
       1
       1
       3
       6
       0
       3
       1
       1
       3
       0
       0
       1
       1
       0
       1
       1
       1
       0
       2
       3
       0
       0
       2
       1
       2
       2
       2
       1
       3
       1
       4
       1
       1
       1
       1
       0
       2
       0
       2
       2
       1
       2
       2
       1
       0
       3
       1
       2
       2
       4
       0
       0
       0
       1
       2
       0
       1
       1
       0
       1
       1
       0
       1
       0
       0
       0
       0
       1
       3
       0
       1
       3
       0
       0
       0
       0
       2
       1
       2
       1
       1
       3
       1
       2
       1
       1
       0
       0
       3
       0
       1
       0
       0
       3
       2
       0
       1
       1
       0
       3
       2
       2
       2
       0
       1
       0
       2
       2
       3
       0
       1
       3
       1
       1
       3
       1
       0
       0
       0
       0
       1
       1
       0
       1
       1
       0
       1
       1
       0
       0
       1
       0
       0
       1
       1
       2
       1
       0
       0
       1
       1
       0
       2
       0
       0
       2
       2
       0
       2
       0
       0
       0
       1
       1
       1
       1
       1
       0
       0
       1
       1
       0
       0
       0
       0
       1
       2
       1
       0
       1
       0
       0
       0
       1
       1
       1
       0
       1
       0
       2
       3
       1
       2
       0
       0
       0
       0
       0
       1
       1
       3
       0
       0
       0
       0
       0
       1
       0
       1
       0
       1
       2
       1
       1
       1
       1
       0
       1
       1
       0
       0
       1
       0
       1
       1
       0
       1
       0
       0
       0
       0
       0
       0
       1
       0
       0
       0
       0
       0
       1
       0
       0
       1
       0
       0
       0
       2
       0
       1
       0
       1
       0
       0
       1
       0
       1
       0
       0
       0
       2
       2
       0
       0
       0
       0
       1
       0
       1
       2
       1
       2
       0
       0
       1
       0
       2
       0
       0
       0
       2
       0
       1
       1
       1
       0
       1
       0
       0
       0
       0
       3
       0
       1
       0
       1
       0
       0
       2
       0
       2
       0
       0
       1
       0
       0
       0
       0
       2
       0
       0
       0
       2
       1
       0
       1
       2
       1
       0
       2
       0
       0
       1
       0
       1
       1
       0
       1
       0
       0
       1
       1
       1
       0
       0
       1
       1
       0
       0
       0
       0
       0
       0
       1
       0
       0
       0
       1
       0
       0
       1
       1
       2
       1
       0
       0
       1
       1
       0
       0
       1
       2
       0
       2
       0
       0
       0
       0
       1
       2
       1
       1
       1
       2
       1
       3
       0
       1
       1
       1
       1
       2
       1
       2
       1
       1
       1
       0
       0
       0
       1
       1
       3
       2
       1
       0
       0
       0
       1
       0
       1
       0
       1
       0
       0
       1
       0
       0
       0
       0
       2
       1
       0
       0
       2
       1
       2
       1
       2
       1
       1
       2
       1
       0
       0
       1
       0
       1
       2
       0
       1
       0
       0
       0
       0
       0
       0
       0
       1
       1
       0
       0
       2
       0
       0
       3
       0
       0
       0
       1
       0
       0
       0
       0
       0
       0
       1
       1
       1
       1
       0
       1
       1
       3
       1
       1
       3
       0
       1
       2
       0
       0
       1
       0
       2
       2
       0
       2
       0
       0
       0
       0
       0
       3
       0
       0
       1
       0
       0
       0
       0
       0
       1
       0
       0
       1
       1
       0
       0
       0
       1
       0
       0
       0
       0
       0
       0
       2
       0
       0
       0
       1
       1
       0
       0
       1
       0
       0
       0
       0
       1
       1
       0
       0
       0
       3
       1
       0
       0
       0
       0
       0
       0
       0
       1
       1
       0
       0
       1
       1
       1
       3
       0
       1
       0
       0
       1
       0
       2
       1
       0
       0
       0
       0
       1
       0
       0
       0
       0
       1
       0
       0
       0
       0
       1
       0
       1
       0
       0
       0
       0
       0
       0
       0
       1
       0
       1
       0
       1
       1
       1
       1
       0
       0
       0
       0
       1
       0
       0
       2
       0
       1
       0
       0
       1
       0
       0
       0
       0
       1
       0
       0
       0
       0
       0
       0
       1
       0
       0
       0
       0
       1
       1
       1
       0
       0
       0
       0
       0
       0
       0
       0
       1
       0
       1
       0
       0
       0
       0
       0
       0
       0
       2
       1
       0
       0
       1
       0
       2
       0
       0
       1
       0
       0
       0
       0
       1
       1
       0
       0
       0
       0
       0
       0
       0
       1
       0
       0
       0
       0
       0
       0
       0
       0
       1
       1
       0
       1
       0
       0
       0
       0
       0
       0
       0
       0
       0
$ROI:
0
$PRESETS:
Real Time
500
0
$ENER_FIT:
-195.376602 1.308774
$MCA_CAL:
3
-1.953766E+002 1.308774E+000 0.000000E+000
$SHAPE_CAL:
3
7.101761E+001 -9.336430E-003 0.000000E+000
