$SPEC_ID:
No sample description was entered.
$SPEC_REM:
DET# 1
DETDESC# MCB 338
AP# GammaVision Version 6.01
$DATE_MEA:
01/26/2018 15:58:45
$MEAS_TIM:
237082 241256
$DATA:
0 8191
       0
       0
       0
       0
       0
       0
       0
       0
       0
       0
       0
       0
       0
       0
       0
       0
       0
       0
       0
       0
       0
       0
       0
       0
       0
       0
       0
       0
       0
       0
       0
       0
       0
       0
       0
       0
       0
       0
       0
       0
       0
       0
       0
       0
       0
       0
       0
       0
       0
       0
       0
       0
       0
       0
       0
       0
       0
       0
       0
       0
       0
       0
       0
       0
       0
       0
       0
       0
       1
       0
       0
       0
       0
       0
       0
       2
     149
    2319
    8331
   18230
   28784
   38849
   48026
   52999
   53320
   53114
   53738
   53596
   53777
   53422
   53944
   53564
   53866
   53670
   53561
   53600
   53628
   53732
   53643
   53973
   53276
   53667
   53945
   54012
   53421
   53230
   53487
   53692
   53368
   53577
   53278
   53627
   53567
   53203
   53033
   53113
   53634
   52718
   53033
   53346
   52931
   53087
   53069
   53387
   53664
   53316
   53329
   53368
   53202
   53490
   53606
   53598
   53768
   53431
   53566
   53838
   53269
   53662
   53319
   53492
   53391
   53556
   53817
   53487
   53606
   53445
   53330
   53536
   53883
   53711
   53480
   53773
   53688
   53434
   54059
   53855
   53568
   53658
   53844
   53910
   53743
   53670
   53198
   53288
   53679
   53717
   53554
   53908
   53316
   53807
   53478
   53507
   53492
   53471
   53193
   53056
   53131
   53271
   53601
   53451
   53576
   53370
   53280
   53256
   53418
   53307
   53403
   52855
   52872
   53151
   53175
   53153
   52702
   53523
   53253
   53102
   52662
   53170
   53561
   52910
   52797
   52453
   53235
   52618
   53057
   53083
   52953
   52939
   52966
   52921
   52833
   52993
   53195
   52929
   52702
   52522
   52482
   52938
   52637
   52780
   52862
   52262
   52831
   53037
   52778
   52955
   52781
   52580
   52618
   52545
   52545
   52674
   52636
   52411
   52634
   52863
   52606
   52878
   52639
   52341
   52325
   52330
   52404
   52644
   52397
   52308
   52019
   52269
   52043
   52340
   51905
   52261
   52060
   52352
   51838
   52217
   52238
   51906
   51801
   51692
   52090
   51971
   52010
   52468
   52227
   51697
   52413
   51840
   51991
   52007
   51925
   52278
   51724
   51838
   51386
   51618
   51966
   51697
   51634
   51538
   51713
   51392
   51854
   51380
   51507
   51612
   51855
   51289
   51283
   51207
   51873
   51517
   51318
   51239
   51612
   51304
   51031
   51268
   51620
   51487
   51035
   51296
   51334
   51533
   51395
   51225
   51762
   50787
   51201
   51427
   51105
   51197
   51087
   51259
   51567
   51679
   51323
   50996
   50911
   50932
   50783
   51504
   51098
   50795
   51094
   51219
   50831
   51476
   51185
   51136
   51123
   51559
   51496
   51388
   51398
   51374
   51308
   51155
   50955
   51283
   51433
   51229
   51848
   51357
   51583
   51471
   51394
   51380
   51478
   51229
   51614
   51896
   51493
   51854
   51578
   52025
   51768
   52025
   51865
   51949
   52089
   52467
   52198
   51905
   52378
   52081
   52410
   52363
   52235
   52290
   52633
   52803
   53025
   52716
   53098
   52979
   53098
   52651
   53197
   53427
   53018
   53429
   53215
   53485
   53152
   53412
   53683
   53503
   53840
   53529
   53968
   53646
   53854
   54432
   53856
   54311
   54401
   54043
   54636
   54234
   55124
   54445
   55131
   54762
   54756
   55150
   55613
   55619
   55184
   55668
   55495
   55843
   55610
   55800
   55755
   55542
   56114
   55996
   56150
   56368
   56402
   56876
   56552
   56257
   56685
   56855
   56919
   56897
   57245
   56663
   56789
   57327
   57064
   57013
   57442
   57864
   57255
   57626
   57490
   58130
   58035
   58146
   58312
   57842
   58119
   57998
   58172
   57504
   58196
   58143
   57919
   58048
   58441
   58704
   57817
   58262
   58144
   58309
   58331
   58179
   58626
   58954
   58305
   58527
   58698
   58960
   58557
   58402
   58794
   58404
   58459
   59143
   58255
   58551
   58488
   58789
   58881
   58552
   58769
   58317
   58844
   58557
   58450
   58124
   58633
   58618
   59140
   58342
   58361
   58700
   58364
   58618
   58424
   58294
   58136
   58392
   58246
   57886
   58035
   57893
   58102
   58181
   58039
   57737
   57801
   57391
   57685
   57528
   57159
   57582
   57477
   57190
   57268
   57378
   56981
   57164
   56859
   56503
   56508
   56446
   56471
   56507
   56108
   56123
   55911
   56299
   55885
   56085
   56099
   55770
   55880
   55872
   55317
   55341
   55449
   55265
   55084
   54802
   55064
   54773
   55027
   54920
   55029
   54767
   54688
   54703
   54459
   54183
   54663
   53905
   54092
   53951
   54242
   53663
   53486
   53693
   53160
   53494
   53280
   52936
   53350
   52950
   53088
   52635
   52632
   52566
   52129
   52648
   52073
   52805
   52256
   51988
   51753
   51909
   51662
   51703
   51669
   51415
   51536
   51426
   51154
   50932
   51151
   50894
   50863
   50685
   50523
   50894
   50442
   50283
   50360
   50929
   50338
   50111
   50001
   49901
   50214
   50168
   49824
   49599
   49398
   49284
   49754
   49077
   49202
   49575
   49149
   49201
   48671
   49061
   48585
   48323
   48781
   48532
   48644
   48408
   48500
   48657
   48269
   48126
   48071
   47740
   48052
   47891
   47595
   47201
   47344
   47136
   47216
   47270
   47312
   47319
   47272
   47226
   47186
   46962
   47190
   46582
   46673
   46380
   46071
   46403
   46706
   46490
   46440
   46175
   45717
   46151
   46249
   46082
   46019
   45760
   45450
   45499
   45988
   45661
   45516
   45914
   45619
   45243
   45497
   45503
   45332
   44852
   45053
   44867
   45406
   44542
   44978
   44928
   44311
   44844
   44586
   44456
   44493
   44322
   44607
   44290
   44269
   43845
   43835
   43733
   44200
   43950
   44027
   44022
   43519
   43493
   43571
   43391
   43628
   43399
   43074
   43705
   43322
   43167
   43156
   43052
   42856
   42772
   42784
   43181
   42705
   42441
   42971
   42643
   42174
   42536
   42448
   42668
   42400
   42670
   42379
   42182
   42228
   41936
   42150
   41902
   41702
   41986
   41881
   42032
   41797
   41918
   41560
   41591
   41391
   41224
   41392
   41263
   40846
   41066
   40865
   40948
   41287
   40890
   40967
   40673
   40458
   40634
   41050
   40546
   40701
   40426
   40250
   40180
   40733
   40311
   40172
   40263
   40302
   40229
   40023
   40118
   39829
   40293
   40002
   39974
   39990
   39672
   39523
   39628
   39405
   39476
   39446
   39327
   39381
   39371
   39466
   39016
   38974
   38995
   39007
   38861
   38724
   38811
   38919
   38748
   38794
   38660
   38761
   38475
   38161
   38556
   38723
   38472
   38369
   38240
   38055
   38240
   38538
   37918
   38040
   38022
   38229
   37892
   37871
   38195
   37700
   37730
   37574
   37388
   37884
   37669
   37603
   37603
   37484
   37225
   37208
   37374
   37263
   36997
   37257
   37456
   37007
   36931
   37054
   37443
   37143
   37189
   36910
   37133
   37070
   36882
   37062
   36800
   36783
   36281
   36567
   36366
   36242
   36305
   36280
   36033
   36385
   36683
   36442
   36700
   36192
   36168
   35946
   35971
   35964
   35638
   35964
   36010
   36294
   35624
   36023
   36045
   35786
   35280
   36001
   35654
   35796
   35886
   35392
   35604
   35011
   35481
   35443
   35486
   35450
   35326
   35128
   35234
   35233
   35527
   35296
   35434
   35520
   35689
   35197
   35357
   35473
   35283
   35204
   34857
   35358
   34736
   34945
   34770
   35094
   35053
   34863
   34824
   34953
   34955
   34972
   34797
   34590
   34750
   34554
   34515
   34511
   34957
   34484
   34467
   34213
   34477
   34358
   34676
   34386
   34688
   34353
   34517
   34399
   34377
   34271
   33876
   34131
   34527
   34109
   34612
   34266
   34090
   34268
   33837
   34140
   34157
   33820
   34135
   34001
   33945
   33999
   34140
   33909
   33975
   33936
   34004
   33861
   33594
   33748
   34173
   33838
   33954
   33856
   33820
   33857
   33697
   33577
   33562
   33500
   33397
   33447
   33494
   33608
   33721
   33896
   33745
   33627
   33426
   33425
   33420
   33366
   33387
   33574
   33436
   33272
   33456
   33349
   33424
   33384
   33441
   33431
   33352
   33444
   33137
   33385
   32898
   33050
   33186
   33234
   33146
   33292
   33014
   33004
   33054
   33262
   33242
   33055
   33021
   33141
   32954
   32903
   33048
   33118
   33551
   33183
   33067
   32865
   32513
   32730
   33249
   33176
   33320
   33174
   32965
   33018
   32682
   32860
   33045
   32613
   32739
   32921
   32442
   32814
   32779
   32772
   32784
   32831
   32843
   32740
   32543
   32465
   32793
   32743
   32875
   32455
   32690
   32718
   32720
   32800
   32810
   32426
   32545
   32591
   32392
   32597
   32512
   32754
   32491
   32549
   32596
   32606
   32538
   32089
   32416
   32352
   32533
   32518
   32434
   32527
   32567
   32456
   32404
   32606
   32166
   32330
   32231
   32257
   32343
   32646
   32605
   32333
   32430
   32388
   32305
   32466
   32278
   32258
   32192
   32401
   32451
   32321
   32517
   32350
   32246
   32273
   32265
   32123
   32624
   32120
   32251
   32058
   32364
   32326
   31882
   32016
   32386
   32341
   32304
   32312
   31966
   32348
   32195
   31840
   31997
   31739
   31772
   32109
   32021
   31820
   32178
   32281
   32101
   32127
   32143
   32090
   31812
   32128
   32148
   31887
   32006
   32126
   31808
   32128
   31576
   32034
   31637
   32225
   32036
   31973
   31766
   31952
   32200
   32141
   31713
   31703
   31810
   31885
   32087
   31830
   31838
   31803
   32078
   31909
   31789
   32135
   32035
   31642
   31847
   31972
   32102
   31929
   32003
   31873
   31902
   32075
   31822
   31659
   31793
   31691
   32015
   31802
   31735
   31879
   31837
   31670
   31655
   31858
   31671
   31660
   31741
   31845
   31652
   31669
   31690
   31732
   31673
   31713
   31796
   31720
   31795
   31604
   31729
   32027
   31560
   31604
   31628
   31406
   31214
   31536
   31739
   31553
   31396
   31809
   31436
   31455
   31348
   31739
   31704
   31762
   31576
   31457
   31462
   31358
   31598
   31544
   31736
   31340
   31719
   31623
   31713
   31555
   31470
   31247
   31588
   31287
   31464
   31827
   31570
   31662
   31876
   31426
   31570
   31569
   31544
   31410
   31369
   32089
   31614
   31395
   31356
   31691
   31399
   31545
   31628
   31605
   31561
   31394
   31403
   31506
   31554
   31250
   31144
   31431
   31810
   31508
   31462
   31435
   31401
   31502
   31566
   31680
   31328
   31548
   31304
   31902
   31549
   31398
   31479
   31477
   31242
   31356
   31625
   31352
   31662
   31702
   31397
   31571
   31381
   31674
   31308
   31434
   31329
   31418
   31584
   31261
   31452
   31572
   31528
   31390
   31557
   31242
   31163
   31167
   31448
   31388
   31580
   31540
   31167
   31221
   31726
   31674
   31643
   31538
   31794
   31388
   31352
   31209
   31350
   31296
   31535
   31491
   31598
   31332
   31658
   31660
   31447
   31671
   31237
   31423
   31460
   31347
   31383
   31568
   31411
   31288
   31441
   31313
   31332
   31332
   31251
   31324
   31498
   31342
   31498
   31467
   31335
   31275
   31348
   31069
   31609
   31172
   31325
   31322
   31226
   31483
   31383
   31396
   31453
   31241
   31194
   31494
   30730
   31750
   31341
   30912
   31585
   31139
   31332
   31333
   31092
   31354
   31410
   31449
   31314
   31422
   31222
   31351
   31510
   31539
   31313
   31448
   31421
   31560
   31468
   31179
   31185
   31687
   31329
   31135
   31449
   31489
   31545
   31026
   31398
   31360
   31270
   31307
   31138
   31487
   31039
   31612
   31296
   31319
   31264
   31290
   31456
   31382
   31538
   31264
   31643
   31247
   31309
   31159
   31312
   31561
   31379
   31207
   31417
   31410
   31305
   31017
   31063
   31231
   31482
   31612
   31522
   31339
   30937
   31625
   31497
   31454
   31684
   31219
   31347
   31433
   31109
   31076
   31269
   31445
   30855
   31452
   31125
   31391
   31145
   31256
   31432
   30910
   31253
   31329
   31363
   31623
   31316
   31206
   31192
   31198
   31457
   31323
   31590
   31058
   31053
   31469
   31279
   31339
   31398
   31217
   31192
   31477
   31641
   31190
   31244
   31431
   31361
   31212
   31558
   31462
   31459
   31001
   31182
   31300
   31049
   31451
   31298
   31339
   31426
   31660
   31600
   31714
   31201
   31402
   31187
   31218
   31302
   31362
   31547
   31086
   31216
   31756
   31521
   31326
   31425
   31362
   31029
   31312
   31614
   31342
   31549
   31517
   31433
   31331
   31333
   31481
   31751
   31424
   31609
   31148
   31420
   31721
   31527
   31526
   31627
   31421
   31491
   31449
   31611
   31556
   31310
   31465
   31430
   31490
   31364
   31587
   31503
   31530
   31595
   31527
   31199
   31242
   31419
   31251
   31566
   31468
   31562
   31247
   31802
   31528
   31599
   31482
   31499
   31836
   31530
   31285
   31555
   31501
   31747
   31400
   31338
   31513
   31558
   31556
   31519
   31542
   31449
   31635
   31403
   31586
   31507
   31789
   31618
   31352
   31458
   31435
   31675
   31525
   31872
   31817
   31517
   31643
   31835
   31796
   31633
   31262
   31576
   31749
   31669
   31602
   31635
   31502
   31661
   31414
   31822
   31951
   31623
   31795
   31614
   32073
   31792
   31779
   31783
   31579
   32198
   31480
   31862
   31844
   31694
   31775
   31936
   31718
   31851
   31970
   31852
   32033
   31658
   31516
   31632
   31664
   31510
   31932
   31722
   31729
   31531
   31795
   31659
   31643
   31845
   31990
   31553
   31796
   31954
   31821
   32151
   32036
   31649
   31947
   31631
   31805
   31818
   31778
   31585
   32108
   31398
   31644
   31425
   31876
   31928
   32231
   31709
   32191
   31784
   31760
   31884
   32038
   31764
   31791
   32294
   31626
   31962
   32108
   32038
   31939
   31939
   31866
   31813
   31809
   31683
   31846
   32156
   32253
   31776
   31917
   31932
   31931
   31966
   32199
   31912
   31901
   31892
   32030
   31969
   31847
   32253
   32071
   32119
   31929
   32115
   31935
   32130
   32191
   32098
   31964
   32276
   32096
   31987
   32157
   32003
   32331
   32248
   32061
   32402
   32370
   32204
   32190
   31997
   32014
   32077
   32258
   32374
   32123
   31967
   31957
   31984
   32463
   32369
   32280
   32038
   32358
   32045
   32294
   32360
   32526
   32240
   32319
   32012
   32271
   32540
   32307
   32211
   32605
   32476
   32363
   32353
   32064
   32021
   32447
   32412
   31973
   32376
   32129
   32512
   32386
   32455
   32329
   32363
   32508
   32287
   32378
   32330
   32612
   32235
   32464
   32218
   32455
   32413
   32747
   32485
   32670
   32148
   32584
   32058
   32597
   32735
   32565
   32874
   32346
   32461
   32719
   32512
   32316
   32616
   32654
   32685
   32475
   32435
   32567
   32429
   32515
   32339
   32455
   32788
   32952
   32770
   32753
   32483
   32677
   32792
   32865
   32808
   32705
   33113
   32981
   32609
   32496
   32700
   32405
   32998
   32876
   32768
   32687
   32552
   33123
   32885
   32748
   32610
   32784
   32824
   32697
   32941
   32548
   32844
   33015
   33004
   32912
   32524
   33172
   32801
   32760
   32825
   32711
   33046
   32551
   32762
   32733
   32733
   32926
   33118
   32727
   32599
   32914
   33052
   33209
   32772
   33170
   32720
   32808
   33029
   32993
   33379
   33358
   32989
   33346
   32793
   32766
   33109
   33184
   32799
   33112
   33241
   33170
   33073
   33382
   33191
   33341
   33162
   32977
   33373
   33366
   33306
   33143
   33365
   33214
   33213
   33113
   33404
   33380
   33352
   33128
   33167
   33819
   33029
   33446
   33899
   33173
   33321
   33409
   33326
   33640
   33210
   33194
   33775
   33774
   33313
   33529
   33398
   33406
   33422
   33626
   33375
   33863
   33255
   33623
   33572
   33815
   33689
   33755
   33504
   33884
   33584
   33878
   33171
   33989
   33607
   33737
   33530
   33870
   33474
   33897
   33920
   33792
   33667
   33380
   33535
   33921
   33973
   33974
   33777
   33820
   33800
   33971
   34306
   34225
   34119
   34023
   33692
   33725
   33882
   33946
   33808
   34079
   33838
   33894
   34037
   34022
   34080
   33976
   34131
   33913
   33960
   34435
   33670
   34204
   34057
   33989
   34046
   34226
   34217
   34244
   34047
   34575
   34251
   34416
   34179
   34050
   34599
   34269
   34613
   34230
   34580
   34434
   34509
   34440
   34443
   34134
   34338
   34806
   34541
   34738
   34555
   34303
   34795
   34766
   34584
   34399
   34416
   34380
   34597
   34457
   34333
   34829
   34805
   35062
   34979
   34751
   34870
   34389
   34925
   34898
   34618
   35026
   34827
   34753
   34974
   34948
   35347
   34998
   35184
   35042
   35119
   34734
   35131
   35271
   35100
   34933
   34944
   35201
   35514
   35053
   35216
   35208
   35121
   35368
   35413
   35336
   35751
   35257
   35388
   35082
   35345
   35165
   35461
   35367
   35517
   35315
   35619
   35251
   35281
   35708
   35498
   35272
   35582
   35575
   35895
   35347
   35458
   35523
   35548
   35817
   35528
   35864
   35815
   35785
   35559
   35713
   35526
   35674
   35890
   35706
   36080
   35928
   35718
   35963
   35909
   35754
   35935
   36194
   35706
   36008
   36036
   36057
   36018
   35983
   36056
   36283
   36299
   36294
   36050
   36016
   35768
   36061
   36251
   36272
   36051
   36188
   36494
   36375
   36225
   36389
   36315
   36312
   36668
   36316
   36412
   36370
   36504
   36116
   36574
   36870
   36632
   36468
   36822
   36415
   36773
   36725
   36663
   36808
   36850
   36794
   36813
   36600
   36706
   36816
   37282
   36825
   36673
   36922
   37121
   37212
   36786
   37063
   37321
   37132
   37359
   37132
   37034
   37355
   37352
   37422
   37031
   37151
   37325
   37279
   37143
   37399
   37265
   37262
   37085
   37896
   37327
   37402
   37623
   37753
   37258
   37765
   37941
   37604
   37887
   37942
   37661
   37873
   37853
   37636
   37948
   37586
   38129
   38200
   37923
   37785
   37970
   37747
   38037
   38357
   38214
   37790
   37975
   37812
   38148
   37928
   38285
   38273
   38237
   38494
   38294
   38331
   38139
   38086
   38257
   38245
   38690
   38646
   38542
   38330
   38405
   38721
   38355
   38584
   38687
   38187
   38508
   38303
   38747
   38709
   38342
   38815
   39002
   39074
   38840
   38564
   38826
   38788
   38679
   38996
   39348
   38680
   39200
   38975
   38991
   38984
   39019
   39308
   39196
   38800
   39130
   39059
   39040
   39280
   39142
   39033
   39345
   39129
   39606
   39053
   39087
   39240
   39505
   39652
   39354
   39579
   39307
   39497
   39616
   39676
   39156
   39235
   39646
   39344
   39345
   39703
   39901
   39297
   39698
   39984
   39858
   39663
   39484
   40097
   39954
   39835
   40120
   40016
   39908
   39732
   40128
   40094
   40078
   39680
   39665
   39959
   40273
   40007
   40320
   40458
   40330
   39997
   40207
   40111
   40319
   40271
   40028
   40235
   40175
   40436
   40136
   40446
   40569
   40039
   40216
   40158
   40483
   40490
   40549
   40368
   40682
   40296
   40467
   40415
   40734
   40320
   40132
   40287
   40446
   40569
   40489
   40496
   40487
   40521
   40449
   40561
   40578
   40362
   41040
   40463
   40383
   40453
   40112
   40792
   40393
   40693
   40632
   40563
   40904
   40636
   40655
   40576
   40638
   40710
   40898
   40784
   40659
   40804
   40646
   40869
   40693
   40494
   41017
   40778
   40895
   40616
   40669
   40789
   41335
   40715
   40971
   41081
   40804
   40500
   41059
   40730
   40998
   40738
   40366
   40545
   40833
   40874
   40939
   40769
   40810
   40709
   40552
   41154
   40682
   40644
   40711
   40723
   40819
   40948
   40599
   40449
   40633
   40806
   40352
   40640
   40681
   40608
   40570
   40591
   40495
   40331
   40585
   40553
   40717
   40373
   40697
   40696
   40651
   40678
   40519
   40284
   40317
   40435
   40258
   40611
   40057
   40348
   40356
   40687
   40283
   39943
   40513
   40462
   40080
   40207
   39944
   39999
   40345
   39999
   40263
   40228
   40043
   39690
   40054
   39947
   40441
   39720
   39924
   39770
   39450
   39949
   39736
   39822
   39615
   39497
   39680
   39790
   39923
   39769
   39634
   39448
   39640
   39459
   39418
   39415
   39291
   39519
   39302
   39493
   39453
   39297
   39431
   39132
   39038
   39148
   39168
   39137
   39104
   38821
   39099
   38272
   38817
   38933
   39172
   38700
   38643
   38689
   38781
   38500
   38901
   38617
   38285
   38689
   38802
   38544
   38430
   38548
   38561
   38596
   38272
   38093
   38145
   38358
   38273
   38238
   38168
   38382
   38137
   37953
   37891
   37746
   37849
   37482
   37724
   37444
   37815
   37471
   37761
   37439
   37550
   37405
   37168
   37527
   37199
   37282
   36916
   37247
   37240
   37563
   36906
   37074
   37475
   36667
   37041
   36786
   36633
   37076
   36776
   36982
   36375
   36314
   36128
   36854
   36599
   36405
   36554
   36313
   36586
   36241
   36032
   36174
   36341
   36045
   36068
   35921
   35834
   35939
   35895
   35847
   35635
   35788
   35685
   35512
   35282
   35537
   35179
   35360
   35251
   35452
   35467
   34942
   35311
   35223
   35384
   35231
   35141
   34741
   35193
   34743
   34872
   34964
   34987
   34899
   34629
   34417
   34471
   34554
   34529
   34574
   34449
   34165
   34285
   34344
   34146
   34037
   34179
   34368
   33857
   34002
   33654
   33921
   33599
   33749
   33506
   33494
   33514
   33528
   33645
   33676
   33354
   33472
   33550
   33204
   33576
   33078
   33223
   33422
   33483
   33213
   33123
   33400
   32594
   33067
   32868
   32670
   33010
   32622
   32610
   32858
   32598
   32935
   32555
   32704
   32483
   32308
   32525
   32453
   32145
   32455
   32248
   32056
   32147
   32287
   31968
   32071
   31795
   32149
   32144
   31733
   32228
   31631
   31638
   31847
   31303
   31737
   31618
   31699
   31448
   31358
   31438
   31005
   31270
   31516
   31198
   31294
   31447
   31138
   31143
   31035
   31259
   31037
   30831
   30773
   30725
   31060
   30899
   30814
   30815
   30758
   30692
   31078
   30805
   31143
   30645
   30577
   30480
   30481
   30521
   30576
   30340
   30695
   30388
   30261
   30812
   30700
   30049
   30197
   30092
   30171
   30175
   30353
   29878
   30180
   30039
   29880
   30104
   29921
   29955
   30215
   29722
   29525
   29651
   29502
   29503
   29861
   29863
   29606
   29446
   29321
   29546
   29565
   29435
   29120
   29548
   29229
   29462
   29153
   29193
   29219
   29028
   29149
   29215
   29162
   29165
   28865
   28880
   29330
   28960
   29085
   29014
   28934
   28935
   28646
   28926
   28960
   28637
   28730
   28407
   28699
   28491
   28382
   28478
   28489
   28396
   28830
   28651
   28205
   28489
   28478
   28652
   28317
   28544
   28408
   28390
   28272
   28118
   28251
   28485
   28147
   28089
   28224
   28000
   28341
   28181
   27711
   27969
   28051
   27930
   27927
   28031
   28217
   27916
   27852
   27700
   27425
   27799
   27662
   27663
   27796
   27543
   27305
   27586
   27330
   27730
   27474
   27550
   27141
   27436
   27048
   27577
   27493
   27505
   26899
   27609
   27535
   27335
   27124
   27398
   27068
   26987
   26923
   27074
   26914
   27065
   27449
   27128
   27246
   26944
   27218
   27023
   26964
   26602
   26684
   26808
   26608
   26677
   27137
   27016
   26827
   26706
   26539
   26714
   26727
   26696
   26854
   26322
   26178
   26734
   26713
   26648
   26523
   26744
   26617
   26346
   26568
   26407
   26614
   26583
   26475
   26481
   26459
   26520
   26501
   26390
   26386
   26604
   26237
   26271
   26404
   26303
   26496
   26197
   26438
   26023
   26155
   26032
   25996
   26042
   26209
   26209
   26260
   26135
   26016
   26118
   25793
   26140
   26261
   25792
   26109
   26080
   26114
   26014
   26073
   25895
   26057
   25984
   25704
   26126
   26101
   25693
   25934
   25632
   25926
   25914
   25887
   26199
   25875
   26041
   25852
   25748
   25675
   25541
   25456
   25658
   25709
   25919
   25618
   25734
   25606
   25507
   25530
   25609
   25653
   25540
   25669
   25713
   25464
   25568
   25537
   25631
   25097
   25551
   25597
   25741
   25553
   25316
   25404
   25286
   25444
   25368
   25760
   25539
   25444
   25499
   25444
   25588
   25398
   25305
   25135
   25267
   25076
   25694
   25422
   25182
   25123
   25176
   25229
   25500
   25534
   25281
   25413
   25321
   25535
   25244
   25346
   25635
   25152
   25183
   25239
   25312
   25424
   25275
   25134
   25129
   25214
   25086
   25252
   25187
   25331
   25297
   25020
   24945
   24993
   25276
   25023
   25314
   24935
   25103
   25216
   25124
   25136
   24767
   24930
   25096
   25084
   24808
   24965
   25106
   25356
   24923
   25028
   25146
   24967
   24970
   25071
   25074
   24964
   24698
   25110
   24860
   24978
   24687
   25093
   25058
   24926
   25005
   24822
   24679
   25088
   24596
   24889
   24787
   24922
   24708
   24844
   24986
   24661
   24924
   24570
   24653
   24790
   24485
   24871
   24595
   24707
   24725
   24726
   24849
   24491
   24757
   24625
   24656
   24446
   24783
   24515
   24550
   24416
   24322
   24601
   24510
   24486
   24468
   24342
   24160
   24464
   24362
   24516
   24297
   24213
   24439
   24229
   24389
   23966
   24303
   24417
   24144
   24404
   24228
   24494
   23991
   24258
   24405
   24080
   24191
   23865
   23944
   23949
   24183
   23957
   23856
   24053
   23852
   23767
   23893
   23670
   23958
   23799
   23312
   23726
   23843
   23853
   23663
   23680
   24031
   23517
   23640
   23397
   23559
   23715
   23223
   23293
   23342
   23201
   23552
   23259
   23390
   23151
   23264
   23028
   23061
   23107
   23145
   22847
   23082
   22900
   23334
   22929
   22772
   22913
   22833
   22393
   22777
   22385
   22698
   22598
   22804
   22544
   22546
   22550
   22611
   22267
   22210
   22149
   22164
   21917
   22287
   21990
   22165
   21941
   22014
   22050
   21882
   21808
   21812
   21903
   21916
   21610
   21722
   21667
   21569
   21438
   21661
   21487
   21639
   21401
   21146
   21308
   21372
   21265
   21131
   21022
   21245
   21116
   21016
   21040
   21195
   20689
   21012
   20813
   20578
   20671
   20837
   20633
   20405
   20899
   20251
   20388
   20360
   20190
   20203
   20194
   19947
   20176
   19999
   20152
   20325
   20074
   19814
   20056
   19867
   19779
   19629
   19736
   19567
   19612
   19536
   19434
   19522
   19247
   19504
   19088
   19202
   19104
   19066
   18991
   18890
   18936
   18960
   18808
   18578
   18907
   18481
   18475
   18508
   18874
   18528
   18515
   18555
   18590
   18289
   18139
   18316
   18302
   18243
   18037
   18207
   18232
   17595
   17981
   17630
   17748
   18001
   17845
   17430
   17652
   17469
   17595
   17630
   17491
   17516
   17244
   17523
   17179
   17242
   17169
   17262
   17249
   16904
   17310
   16895
   16873
   16849
   16775
   16743
   16664
   16739
   16602
   16489
   16732
   16635
   16465
   16262
   16477
   16324
   16520
   16284
   16268
   16166
   16440
   16175
   16038
   15863
   16012
   15994
   15903
   15929
   15800
   15821
   15855
   15754
   15438
   15506
   15528
   15251
   15315
   15513
   15464
   15563
   15283
   15455
   15280
   15199
   15308
   15256
   15244
   15184
   14868
   15079
   15196
   15026
   15086
   14846
   14915
   14773
   14812
   14853
   14550
   14810
   14873
   14417
   14763
   14713
   14558
   14504
   14811
   14733
   14407
   14445
   14668
   14297
   14474
   14394
   14335
   14432
   14321
   14349
   14251
   14274
   14207
   14115
   14284
   14082
   14191
   14231
   14229
   14165
   13979
   14091
   14038
   14264
   14008
   13969
   14086
   13900
   13743
   14059
   13862
   13944
   13841
   13842
   13927
   13972
   13719
   13830
   13730
   13929
   13924
   13822
   13845
   13828
   13648
   13865
   13886
   13853
   13616
   13511
   13814
   13784
   13814
   13780
   13522
   13586
   13632
   13935
   13835
   13515
   13499
   13592
   13538
   13510
   13712
   13823
   13378
   13476
   13636
   13636
   13672
   13558
   13511
   13467
   13609
   13685
   13640
   13391
   13469
   13722
   13727
   13899
   13532
   13762
   13526
   13589
   13605
   13592
   13511
   13523
   13663
   13634
   13903
   13484
   13661
   13362
   13472
   13631
   13421
   13703
   13735
   13556
   13738
   13691
   13590
   13576
   13564
   13759
   13560
   13593
   13428
   13464
   13807
   13546
   13514
   13756
   13536
   13737
   13510
   13581
   13612
   13665
   13750
   13739
   13684
   13696
   13582
   13746
   13627
   13756
   13636
   13706
   13782
   13704
   13761
   13692
   13622
   13747
   13716
   13704
   13920
   13776
   13604
   13765
   13750
   13732
   14209
   13975
   13869
   13947
   13868
   13799
   13879
   13885
   13737
   13927
   13786
   13911
   13840
   13709
   13714
   13725
   13780
   13808
   14107
   13770
   13734
   13849
   13937
   13816
   13831
   14004
   13601
   13941
   14021
   13992
   13945
   14055
   13908
   13760
   13901
   13701
   14028
   13899
   13791
   13700
   13593
   13769
   13911
   13655
   13818
   13733
   13606
   13886
   13930
   13838
   13780
   13736
   14099
   13918
   13725
   13761
   13924
   13718
   13569
   13751
   13742
   13639
   13805
   13730
   13631
   13879
   13668
   13752
   13539
   13643
   13681
   13587
   13596
   13626
   13878
   13546
   13724
   13549
   13720
   13409
   13837
   13712
   13528
   13584
   13380
   13437
   13581
   13533
   13630
   13608
   13561
   13388
   13448
   13293
   13552
   13399
   13332
   13168
   13526
   13395
   13247
   13396
   13396
   13348
   13250
   13276
   13306
   13355
   13092
   13057
   13377
   13151
   13252
   13183
   12942
   13028
   13038
   13085
   12990
   12933
   13113
   12979
   12814
   12954
   12835
   12730
   12786
   12633
   12802
   12720
   12916
   12495
   12624
   12683
   12706
   12704
   12513
   12491
   12563
   12433
   12770
   12362
   12274
   12405
   12418
   12376
   12309
   12537
   12349
   12376
   12275
   12464
   12074
   11985
   12157
   12080
   12258
   12092
   12320
   11892
   11848
   11917
   11963
   11960
   11968
   11896
   11849
   11669
   11810
   11719
   11671
   11668
   11624
   11481
   11503
   11275
   11488
   11494
   11316
   11502
   11250
   11278
   11268
   11331
   11232
   11221
   11177
   11126
   10799
   10817
   11138
   11060
   10940
   10843
   10938
   10921
   10903
   10733
   10800
   10809
   10686
   10640
   10731
   10691
   10690
   10464
   10506
   10655
   10381
   10454
   10389
   10266
   10365
   10169
   10368
   10251
   10113
   10062
   10184
    9896
    9958
   10071
    9926
    9871
    9773
    9727
    9791
    9827
    9523
    9552
    9587
    9773
    9714
    9567
    9486
    9407
    9458
    9412
    9379
    9449
    9484
    9291
    9211
    9225
    9249
    9243
    9100
    9338
    9014
    8987
    8871
    9044
    8940
    8840
    8885
    8724
    8575
    8870
    8770
    8885
    8490
    8637
    8709
    8445
    8631
    8493
    8412
    8345
    8415
    8318
    8368
    8340
    8328
    8299
    8303
    8024
    8100
    8160
    7973
    7924
    8017
    7852
    7828
    7754
    7865
    7870
    7722
    7568
    7529
    7691
    7659
    7500
    7509
    7430
    7693
    7398
    7360
    7320
    7288
    7353
    7236
    7348
    7208
    7061
    7222
    7114
    7106
    7048
    7120
    6975
    6972
    6999
    6987
    6791
    6881
    6940
    6818
    6723
    6794
    6765
    6615
    6678
    6600
    6705
    6765
    6637
    6525
    6655
    6538
    6404
    6451
    6377
    6234
    6527
    6506
    6275
    6312
    6247
    6204
    6202
    6200
    6206
    6286
    6078
    6135
    6168
    5962
    6140
    5960
    6123
    5883
    6021
    5976
    5786
    5751
    5744
    5901
    5818
    5721
    5751
    5711
    5715
    5689
    5515
    5560
    5500
    5533
    5442
    5508
    5462
    5388
    5304
    5347
    5340
    5311
    5384
    5307
    5318
    5215
    5209
    5089
    5202
    5229
    5318
    5077
    5117
    5125
    5008
    5046
    5044
    4853
    4896
    5033
    4884
    4952
    4973
    4866
    4817
    4893
    4834
    4790
    4861
    4776
    4701
    4624
    4796
    4636
    4579
    4690
    4412
    4642
    4741
    4681
    4600
    4485
    4667
    4425
    4561
    4516
    4350
    4429
    4513
    4370
    4393
    4298
    4348
    4344
    4272
    4402
    4303
    4331
    4308
    4288
    4266
    4230
    4205
    4115
    4186
    4110
    4184
    4104
    4160
    4096
    4075
    4052
    4039
    3934
    4021
    4000
    3949
    3794
    3952
    3890
    3839
    3922
    3849
    3861
    3867
    3973
    3894
    3791
    3816
    3701
    3863
    3657
    3756
    3701
    3673
    3789
    3715
    3607
    3679
    3747
    3747
    3643
    3639
    3551
    3671
    3531
    3534
    3679
    3577
    3556
    3518
    3575
    3463
    3454
    3509
    3403
    3469
    3439
    3449
    3466
    3385
    3447
    3428
    3326
    3336
    3310
    3402
    3389
    3362
    3440
    3192
    3375
    3295
    3195
    3211
    3339
    3207
    3198
    3214
    3187
    3258
    3211
    3212
    3237
    3266
    3197
    3047
    3043
    3031
    3096
    3189
    3101
    3063
    3122
    3069
    3033
    2962
    3010
    3029
    3073
    2992
    3000
    2912
    2885
    2920
    2863
    2902
    2949
    2915
    2933
    2896
    2728
    2924
    2872
    2839
    2843
    2924
    2936
    2946
    2877
    2837
    2741
    2837
    2782
    2797
    2715
    2709
    2772
    2800
    2769
    2729
    2738
    2685
    2667
    2706
    2683
    2641
    2666
    2583
    2641
    2663
    2629
    2664
    2716
    2701
    2635
    2643
    2686
    2575
    2615
    2463
    2595
    2507
    2580
    2595
    2599
    2500
    2536
    2626
    2580
    2595
    2567
    2407
    2454
    2484
    2491
    2535
    2520
    2443
    2444
    2492
    2370
    2416
    2545
    2387
    2431
    2419
    2368
    2396
    2456
    2364
    2472
    2344
    2338
    2392
    2325
    2362
    2389
    2362
    2345
    2257
    2289
    2299
    2270
    2220
    2325
    2272
    2256
    2215
    2250
    2250
    2262
    2256
    2255
    2251
    2199
    2213
    2196
    2261
    2287
    2289
    2273
    2217
    2129
    2171
    2197
    2104
    2165
    2068
    2166
    2179
    2088
    2127
    2068
    2077
    2166
    2114
    2024
    2149
    2038
    2047
    2026
    2086
    2059
    1987
    2022
    2060
    2031
    2061
    2113
    2010
    1979
    2018
    2035
    1957
    2113
    1938
    2077
    2048
    2037
    1984
    1956
    1991
    1952
    1989
    1992
    2019
    1882
    1968
    1984
    1937
    1953
    1966
    1926
    1915
    1963
    1874
    2012
    1910
    1890
    1904
    1886
    1981
    1885
    1975
    1885
    1897
    1857
    1806
    1910
    1801
    1843
    1772
    1845
    1796
    1851
    1886
    1865
    1832
    1757
    1838
    1786
    1795
    1775
    1759
    1719
    1812
    1761
    1815
    1709
    1749
    1722
    1788
    1755
    1759
    1778
    1753
    1735
    1746
    1779
    1809
    1719
    1702
    1724
    1720
    1726
    1640
    1699
    1736
    1765
    1692
    1642
    1673
    1714
    1680
    1617
    1694
    1678
    1618
    1626
    1678
    1657
    1705
    1643
    1587
    1642
    1623
    1612
    1610
    1632
    1626
    1665
    1548
    1624
    1608
    1543
    1527
    1601
    1618
    1542
    1514
    1528
    1649
    1499
    1516
    1597
    1531
    1538
    1541
    1548
    1494
    1494
    1526
    1509
    1451
    1541
    1509
    1563
    1463
    1516
    1488
    1510
    1473
    1472
    1482
    1411
    1502
    1459
    1453
    1467
    1378
    1457
    1383
    1436
    1383
    1463
    1375
    1446
    1489
    1462
    1430
    1445
    1436
    1419
    1396
    1367
    1393
    1433
    1417
    1425
    1384
    1385
    1413
    1355
    1400
    1349
    1338
    1410
    1374
    1371
    1366
    1344
    1360
    1353
    1304
    1352
    1308
    1299
    1356
    1350
    1366
    1369
    1314
    1326
    1285
    1299
    1312
    1285
    1359
    1358
    1309
    1359
    1294
    1290
    1309
    1280
    1282
    1306
    1291
    1222
    1252
    1243
    1234
    1317
    1217
    1293
    1283
    1211
    1267
    1220
    1298
    1223
    1293
    1235
    1148
    1278
    1210
    1181
    1248
    1176
    1227
    1223
    1238
    1245
    1177
    1184
    1226
    1217
    1204
    1191
    1186
    1225
    1153
    1203
    1197
    1199
    1165
    1161
    1206
    1158
    1151
    1151
    1180
    1143
    1200
    1124
    1171
    1125
    1173
    1119
    1179
    1188
    1166
    1164
    1162
    1159
    1174
    1140
    1131
    1105
    1171
    1089
    1105
    1097
    1141
    1116
    1113
    1156
    1127
    1125
    1095
    1062
    1098
    1110
    1092
    1072
    1129
    1080
    1046
    1011
    1082
    1015
    1077
    1040
    1091
    1072
    1067
    1059
    1052
     995
    1094
    1048
    1079
    1098
    1013
    1014
    1020
    1066
     973
    1080
     970
    1057
     988
    1023
    1031
    1006
    1009
    1099
    1022
    1064
    1024
     986
    1041
    1006
     999
    1042
    1016
     962
    1079
    1026
    1053
    1009
     984
     960
    1039
     974
     976
     985
     995
     961
     960
     966
     906
     937
     934
     979
     960
     913
     946
     893
     968
     958
     939
     933
     972
     970
     982
     955
     883
     959
     951
     884
     949
     883
     894
     924
     894
     944
     984
     946
     895
     915
     901
     878
     889
     933
     865
     889
     900
     894
     916
     858
     869
     928
     911
     873
     901
     878
     911
     879
     917
     904
     852
     917
     918
     843
     856
     893
     869
     886
     851
     933
     899
     843
     881
     899
     860
     868
     849
     860
     818
     828
     840
     832
     828
     848
     773
     843
     825
     843
     786
     785
     793
     841
     774
     788
     824
     806
     810
     795
     816
     822
     815
     784
     816
     793
     835
     784
     823
     777
     795
     782
     778
     816
     803
     775
     801
     773
     826
     776
     748
     771
     809
     763
     806
     803
     756
     804
     749
     799
     787
     742
     795
     795
     809
     809
     772
     740
     790
     738
     729
     760
     731
     787
     753
     729
     777
     740
     766
     764
     739
     742
     763
     689
     713
     743
     726
     766
     701
     734
     740
     744
     696
     739
     759
     703
     720
     745
     671
     728
     688
     707
     699
     686
     701
     709
     713
     765
     665
     691
     722
     722
     712
     669
     710
     682
     670
     707
     749
     690
     708
     719
     697
     686
     670
     706
     669
     748
     713
     677
     669
     692
     659
     684
     714
     683
     761
     693
     670
     747
     628
     673
     680
     684
     702
     639
     670
     665
     678
     611
     668
     636
     652
     658
     662
     661
     692
     641
     655
     652
     613
     645
     641
     648
     682
     598
     652
     647
     636
     621
     647
     648
     623
     651
     659
     620
     680
     619
     563
     646
     652
     577
     633
     589
     606
     622
     600
     586
     603
     636
     626
     648
     586
     623
     608
     605
     612
     599
     652
     621
     615
     614
     600
     612
     603
     610
     620
     590
     629
     625
     581
     578
     607
     590
     633
     597
     565
     624
     593
     629
     542
     561
     595
     625
     563
     593
     577
     596
     588
     564
     567
     590
     585
     606
     561
     591
     588
     545
     578
     582
     571
     568
     574
     561
     530
     572
     563
     574
     600
     555
     524
     516
     581
     571
     564
     590
     563
     526
     550
     565
     562
     542
     562
     550
     543
     536
     540
     549
     519
     573
     514
     552
     559
     575
     507
     555
     556
     574
     562
     592
     520
     561
     541
     574
     542
     539
     543
     567
     539
     560
     500
     548
     564
     521
     548
     544
     538
     544
     514
     476
     508
     516
     494
     537
     493
     533
     472
     516
     534
     487
     533
     497
     486
     558
     554
     489
     504
     516
     524
     488
     494
     497
     515
     462
     491
     470
     521
     504
     501
     469
     490
     510
     539
     564
     455
     529
     519
     473
     470
     529
     502
     452
     485
     478
     476
     507
     448
     498
     458
     483
     478
     459
     495
     457
     499
     506
     455
     488
     540
     457
     486
     474
     476
     474
     524
     490
     489
     499
     473
     490
     479
     509
     490
     435
     490
     448
     470
     459
     465
     440
     465
     498
     484
     473
     461
     445
     476
     469
     477
     457
     482
     465
     479
     465
     475
     482
     429
     501
     461
     465
     459
     436
     477
     481
     461
     452
     453
     469
     415
     425
     442
     466
     441
     461
     448
     440
     447
     464
     438
     474
     425
     457
     461
     438
     444
     448
     432
     412
     454
     416
     424
     454
     439
     438
     440
     414
     420
     434
     447
     430
     458
     425
     435
     415
     445
     461
     427
     429
     396
     431
     459
     421
     437
     422
     439
     442
     435
     423
     427
     450
     455
     406
     427
     398
     418
     401
     425
     421
     381
     378
     429
     415
     426
     422
     428
     433
     415
     451
     381
     423
     442
     410
     426
     406
     389
     431
     375
     396
     401
     437
     447
     406
     379
     380
     395
     366
     424
     424
     400
     386
     422
     400
     405
     359
     454
     431
     427
     410
     408
     438
     376
     411
     356
     380
     409
     424
     408
     451
     390
     420
     395
     392
     367
     431
     383
     420
     436
     404
     366
     375
     414
     404
     369
     388
     397
     402
     424
     412
     400
     389
     359
     405
     372
     396
     390
     402
     356
     413
     400
     414
     417
     368
     396
     345
     376
     372
     427
     388
     375
     400
     366
     392
     395
     391
     399
     393
     382
     356
     393
     378
     382
     356
     373
     358
     405
     408
     410
     401
     359
     403
     381
     376
     375
     366
     348
     366
     359
     381
     339
     365
     369
     366
     355
     381
     378
     389
     378
     337
     383
     416
     363
     354
     376
     356
     375
     373
     362
     357
     370
     348
     336
     350
     391
     368
     343
     426
     376
     400
     346
     376
     380
     343
     369
     376
     338
     332
     345
     392
     379
     344
     390
     350
     375
     388
     385
     339
     365
     366
     380
     391
     372
     376
     353
     360
     350
     365
     342
     367
     398
     348
     366
     349
     347
     388
     382
     340
     332
     358
     326
     391
     404
     383
     354
     403
     340
     340
     350
     392
     351
     346
     376
     368
     358
     365
     364
     371
     362
     336
     375
     345
     397
     355
     336
     360
     329
     360
     323
     348
     340
     349
     314
     378
     316
     340
     337
     365
     338
     348
     392
     338
     359
     369
     342
     340
     315
     339
     342
     336
     339
     355
     322
     351
     327
     369
     334
     333
     375
     332
     348
     325
     335
     365
     334
     329
     318
     331
     333
     353
     303
     341
     335
     343
     305
     316
     352
     339
     335
     345
     322
     350
     323
     365
     354
     352
     351
     343
     346
     332
     313
     336
     319
     356
     354
     320
     349
     336
     347
     328
     318
     308
     326
     339
     358
     351
     325
     317
     307
     341
     313
     359
     344
     347
     331
     347
     327
     357
     357
     322
     330
     341
     359
     326
     315
     319
     358
     339
     336
     335
     337
     317
     333
     311
     347
     352
     341
     332
     331
     315
     331
     307
     306
     324
     337
     347
     320
     304
     339
     321
     284
     301
     362
     340
     331
     318
     351
     333
     343
     337
     320
     348
     299
     338
     332
     343
     323
     325
     301
     331
     358
     320
     342
     297
     311
     308
     324
     314
     317
     348
     330
     354
     306
     312
     337
     302
     330
     307
     308
     321
     333
     322
     322
     321
     327
     304
     331
     314
     341
     284
     329
     353
     313
     336
     306
     339
     315
     327
     323
     302
     306
     336
     292
     304
     339
     317
     321
     310
     299
     283
     350
     306
     312
     315
     302
     305
     334
     340
     309
     288
     297
     335
     321
     315
     335
     325
     339
     310
     293
     304
     300
     332
     317
     295
     318
     313
     315
     312
     320
     302
     327
     315
     340
     315
     333
     330
     321
     330
     360
     303
     360
     304
     301
     324
     321
     334
     288
     337
     292
     294
     298
     329
     305
     308
     301
     298
     298
     308
     303
     331
     317
     302
     300
     313
     304
     328
     311
     280
     313
     277
     325
     331
     305
     313
     309
     293
     297
     355
     302
     285
     280
     356
     277
     326
     289
     290
     282
     323
     289
     305
     310
     279
     319
     343
     328
     321
     303
     332
     280
     293
     310
     288
     313
     297
     320
     287
     296
     288
     288
     321
     309
     307
     269
     310
     340
     303
     303
     304
     289
     323
     309
     295
     317
     302
     308
     291
     287
     304
     287
     315
     283
     332
     309
     290
     283
     301
     273
     294
     310
     282
     288
     312
     303
     271
     298
     304
     312
     264
     292
     294
     275
     261
     290
     323
     318
     301
     266
     280
     275
     296
     314
     278
     257
     307
     278
     267
     307
     290
     301
     305
     276
     281
     297
     297
     315
     285
     298
     273
     295
     275
     288
     277
     323
     290
     294
     296
     303
     312
     296
     262
     296
     291
     289
     303
     295
     291
     283
     273
     293
     302
     279
     312
     277
     260
     259
     295
     302
     265
     266
     308
     267
     265
     275
     248
     286
     311
     292
     275
     281
     299
     317
     265
     280
     287
     257
     277
     286
     259
     300
     310
     296
     285
     303
     284
     272
     296
     302
     298
     295
     306
     303
     287
     269
     298
     320
     276
     267
     282
     311
     300
     298
     290
     279
     304
     305
     256
     270
     294
     260
     249
     287
     287
     288
     298
     283
     273
     262
     290
     306
     299
     300
     260
     302
     286
     284
     282
     296
     287
     265
     294
     280
     293
     294
     290
     292
     267
     283
     310
     293
     307
     293
     286
     291
     240
     298
     290
     277
     245
     277
     283
     271
     261
     301
     295
     307
     295
     262
     257
     275
     301
     293
     268
     282
     289
     288
     284
     272
     244
     282
     269
     307
     284
     294
     270
     271
     300
     246
     272
     283
     275
     284
     301
     287
     299
     282
     286
     258
     274
     274
     300
     285
     267
     282
     266
     293
     286
     310
     270
     263
     300
     294
     258
     296
     266
     260
     273
     314
     270
     283
     277
     289
     262
     278
     303
     282
     266
     276
     306
     270
     286
     298
     263
     249
     291
     278
     300
     258
     283
     285
     308
     281
     289
     286
     291
     276
     288
     277
     294
     268
     301
     287
     256
     292
     262
     279
     269
     301
     261
     287
     303
     257
     294
     245
     272
     286
     268
     272
     275
     292
     274
     270
     267
     269
     301
     283
     283
     280
     295
     276
     252
     309
     296
     290
     273
     282
     285
     256
     298
     298
     284
     319
     274
     291
     262
     267
     280
     278
     260
     285
     292
     261
     258
     290
     301
     284
     274
     242
     267
     278
     262
     303
     262
     292
     266
     248
     277
     249
     281
     274
     257
     262
     235
     248
     281
     298
     272
     295
     244
     275
     267
     296
     253
     291
     280
     268
     259
     288
     284
     283
     286
     254
     315
     253
     271
     255
     235
     277
     257
     246
     266
     280
     297
     286
     292
     256
     302
     266
     278
     250
     295
     255
     279
     275
     270
     280
     273
     264
     242
     282
     285
     262
     269
     270
     268
     250
     274
     274
     263
     267
     263
     263
     265
     269
     266
     275
     270
     267
     247
     250
     285
     285
     268
     249
     272
     239
     247
     277
     257
     258
     281
     249
     278
     269
     305
     273
     281
     238
     293
     258
     302
     250
     229
     263
     279
     257
     255
     260
     264
     261
     276
     269
     271
     284
     262
     271
     284
     258
     273
     282
     280
     275
     251
     262
     261
     290
     236
     252
     289
     256
     247
     299
     276
     227
     260
     255
     269
     294
     290
     270
     266
     221
     252
     240
     247
     267
     261
     242
     271
     267
     279
     264
     257
     236
     262
     263
     268
     256
     295
     248
     302
     273
     252
     243
     263
     251
     259
     259
     258
     277
     265
     260
     270
     242
     277
     275
     293
     285
     250
     251
     283
     253
     252
     249
     308
     279
     253
     260
     251
     229
     263
     254
     259
     271
     269
     283
     246
     273
     287
     285
     267
     258
     254
     256
     245
     288
     270
     255
     269
     271
     280
     254
     246
     257
     253
     290
     266
     250
     254
     254
     253
     275
     292
     231
     260
     263
     263
     267
     235
     261
     261
     243
     246
     281
     264
     278
     259
     244
     263
     234
     280
     272
     268
     249
     297
     253
     250
     246
     240
     236
     260
     295
     277
     239
     251
     251
     258
     252
     294
     233
     244
     277
     288
     258
     272
     236
     259
     271
     268
     245
     253
     247
     298
     242
     245
     238
     254
     240
     274
     269
     268
     241
     247
     261
     211
     241
     237
     260
     280
     243
     248
     259
     250
     266
     262
     269
     248
     254
     249
     244
     237
     283
     256
     234
     255
     267
     253
     239
     256
     229
     258
     261
     247
     228
     282
     274
     227
     243
     241
     241
     236
     253
     246
     286
     270
     231
     255
     253
     255
     255
     283
     255
     241
     253
     256
     271
     249
     263
     249
     236
     250
     283
     258
     254
     258
     240
     266
     268
     272
     245
     257
     273
     276
     250
     228
     238
     265
     248
     239
     224
     249
     241
     230
     232
     221
     233
     244
     239
     245
     246
     248
     242
     260
     235
     231
     251
     261
     273
     265
     248
     227
     258
     220
     251
     242
     267
     226
     243
     249
     232
     270
     243
     249
     266
     275
     283
     255
     229
     253
     209
     248
     238
     241
     249
     263
     263
     239
     250
     232
     236
     234
     230
     229
     210
     271
     237
     256
     253
     212
     246
     264
     251
     223
     260
     241
     273
     257
     211
     268
     218
     224
     256
     226
     250
     239
     251
     245
     268
     220
     231
     264
     257
     228
     245
     259
     264
     220
     202
     227
     236
     245
     226
     249
     224
     265
     227
     248
     239
     237
     240
     248
     227
     226
     267
     244
     244
     227
     247
     274
     219
     218
     222
     227
     218
     223
     206
     267
     240
     251
     234
     259
     228
     249
     253
     249
     250
     255
     264
     221
     246
     229
     252
     248
     207
     269
     228
     221
     241
     234
     244
     239
     231
     239
     248
     233
     222
     230
     225
     244
     252
     252
     232
     246
     233
     214
     243
     242
     210
     228
     249
     245
     238
     224
     255
     227
     233
     232
     223
     259
     219
     244
     218
     223
     236
     229
     228
     242
     237
     239
     252
     213
     233
     215
     239
     229
     231
     264
     239
     223
     252
     213
     241
     240
     229
     223
     217
     233
     206
     243
     237
     239
     244
     238
     211
     262
     278
     234
     223
     241
     275
     216
     235
     227
     236
     236
     245
     241
     247
     240
     252
     218
     258
     232
     252
     242
     271
     253
     231
     234
     228
     241
     230
     240
     203
     229
     203
     238
     224
     245
     256
     243
     226
     226
     228
     218
     218
     226
     225
     246
     245
     238
     237
     230
     226
     252
     225
     208
     230
     246
     236
     249
     220
     219
     217
     205
     245
     232
     219
     224
     219
     249
     220
     235
     237
     220
     205
     237
     249
     219
     280
     226
     239
     226
     213
     238
     231
     216
     229
     243
     212
     202
     207
     200
     224
     265
     185
     226
     218
     229
     236
     234
     253
     205
     232
     220
     231
     231
     228
     205
     240
     228
     222
     227
     198
     240
     212
     213
     224
     208
     213
     214
     220
     202
     235
     231
     212
     247
     227
     202
     224
     245
     206
     236
     211
     228
     220
     204
     248
     240
     244
     238
     224
     238
     218
     229
     209
     234
     223
     231
     246
     233
     231
     217
     213
     212
     231
     188
     203
     190
     223
     217
     190
     202
     236
     234
     212
     239
     236
     236
     243
     246
     231
     208
     225
     228
     221
     231
     204
     228
     197
     231
     213
     209
     261
     236
     226
     234
     222
     208
     235
     225
     205
     218
     232
     199
     205
     207
     212
     208
     228
     236
     224
     217
     225
     230
     202
     216
     248
     229
     204
     213
     220
     213
     224
     229
     209
     229
     210
     224
     222
     213
     208
     217
     215
     234
     218
     210
     222
     237
     228
     199
     232
     198
     194
     206
     225
     218
     199
     246
     228
     204
     208
     225
     218
     219
     211
     185
     217
     248
     218
     237
     246
     188
     210
     236
     198
     247
     193
     219
     223
     208
     224
     239
     195
     232
     217
     209
     193
     204
     213
     194
     203
     216
     202
     227
     248
     211
     210
     231
     202
     197
     196
     195
     191
     217
     224
     202
     186
     232
     241
     209
     213
     211
     229
     217
     217
     209
     188
     220
     227
     214
     218
     193
     211
     215
     190
     233
     214
     211
     223
     209
     204
     194
     225
     209
     199
     248
     204
     250
     216
     210
     202
     224
     206
     201
     209
     214
     193
     233
     225
     212
     203
     191
     230
     232
     201
     242
     223
     240
     196
     211
     229
     207
     192
     202
     216
     207
     228
     211
     200
     207
     189
     212
     188
     207
     203
     231
     225
     181
     195
     223
     203
     225
     227
     200
     212
     212
     192
     211
     250
     219
     226
     226
     214
     219
     209
     216
     202
     198
     193
     233
     215
     210
     232
     210
     192
     208
     195
     230
     195
     233
     214
     210
     198
     195
     204
     214
     222
     212
     207
     203
     208
     237
     214
     230
     184
     217
     196
     204
     231
     201
     185
     213
     205
     204
     184
     203
     210
     218
     208
     199
     203
     216
     222
     207
     204
     222
     217
     211
     202
     192
     213
     177
     210
     203
     202
     205
     189
     209
     217
     213
     199
     208
     216
     219
     233
     221
     199
     216
     218
     203
     217
     231
     193
     223
     204
     195
     187
     210
     190
     205
     196
     214
     200
     227
     206
     209
     197
     191
     202
     203
     203
     208
     200
     205
     190
     204
     182
     194
     218
     210
     195
     189
     218
     211
     176
     202
     192
     196
     215
     193
     217
     189
     207
     194
     199
     192
     175
     228
     224
     215
     209
     199
     207
     217
     200
     210
     195
     196
     199
     207
     199
     223
     199
     212
     196
     195
     200
     219
     206
     213
     212
     202
     196
     182
     209
     199
     205
     211
     249
     184
     206
     234
     206
     224
     199
     214
     176
     193
     202
     163
     203
     206
     208
     185
     215
     208
     195
     191
     197
     207
     193
     197
     194
     188
     176
     206
     209
     202
     180
     190
     212
     180
     193
     179
     184
     215
     205
     202
     194
     196
     202
     207
     211
     187
     217
     201
     188
     206
     206
     204
     191
     192
     199
     204
     190
     186
     188
     191
     199
     188
     196
     189
     206
     206
     210
     200
     213
     198
     208
     185
     212
     199
     196
     166
     197
     203
     212
     180
     213
     178
     199
     201
     229
     188
     182
     199
     202
     215
     211
     188
     209
     196
     175
     181
     194
     182
     198
     181
     213
     182
     184
     203
     189
     209
     191
     205
     198
     184
     195
     182
     232
     197
     189
     181
     171
     200
     205
     220
     202
     180
     192
     203
     184
     162
     164
     188
     196
     180
     229
     178
     187
     198
     207
     181
     200
     185
     192
     203
     201
     198
     161
     166
     176
     190
     197
     188
     174
     192
     189
     209
     215
     192
     168
     189
     212
     182
     210
     216
     172
     194
     210
     187
     196
     189
     187
     180
     180
     178
     202
     182
     199
     170
     209
     181
     190
     187
     202
     172
     168
     179
     159
     199
     196
     180
     209
     183
     184
     178
     190
     190
     207
     181
     211
     202
     187
     196
     193
     213
     183
     194
     205
     169
     185
     190
     187
     197
     192
     241
     220
     186
     209
     176
     181
     210
     185
     168
     190
     189
     176
     187
     202
     186
     168
     170
     186
     207
     175
     174
     170
     174
     203
     185
     186
     175
     196
     181
     212
     169
     196
     181
     202
     178
     173
     198
     171
     184
     178
     175
     185
     192
     171
     194
     178
     181
     189
     177
     153
     180
     163
     174
     197
     226
     189
     200
     176
     169
     175
     196
     172
     186
     182
     179
     183
     204
     190
     189
     173
     197
     167
     182
     168
     181
     153
     168
     207
     174
     166
     189
     193
     164
     164
     199
     161
     179
     194
     208
     179
     180
     169
     164
     178
     161
     202
     194
     185
     142
     188
     176
     160
     161
     190
     155
     193
     181
     170
     163
     183
     158
     182
     209
     179
     183
     177
     163
     166
     169
     191
     164
     205
     159
     177
     180
     172
     188
     204
     168
     190
     193
     205
     172
     164
     186
     192
     157
     182
     181
     182
     148
     208
     183
     165
     173
     171
     153
     190
     181
     169
     187
     188
     184
     179
     203
     159
     178
     175
     156
     168
     156
     173
     170
     176
     187
     171
     155
     152
     161
     189
     173
     153
     170
     182
     165
     183
     187
     168
     166
     162
     177
     165
     197
     157
     198
     185
     167
     176
     182
     166
     166
     176
     191
     184
     153
     182
     204
     168
     138
     173
     173
     176
     188
     174
     187
     181
     168
     157
     183
     204
     186
     167
     161
     172
     149
     161
     171
     199
     170
     157
     142
     170
     189
     174
     173
     162
     170
     178
     180
     181
     162
     170
     189
     173
     181
     159
     155
     182
     187
     150
     189
     160
     172
     183
     159
     172
     180
     184
     182
     174
     156
     174
     162
     165
     173
     145
     177
     152
     158
     191
     160
     159
     157
     193
     145
     167
     154
     172
     147
     186
     168
     166
     172
     152
     165
     171
     184
     165
     179
     160
     181
     164
     160
     175
     166
     155
     157
     156
     175
     179
     185
     158
     153
     163
     171
     186
     179
     175
     174
     165
     184
     166
     162
     175
     145
     171
     165
     147
     172
     167
     176
     157
     164
     165
     149
     184
     171
     141
     159
     128
     170
     169
     187
     167
     181
     184
     172
     180
     181
     146
     171
     186
     160
     165
     172
     185
     153
     166
     165
     179
     187
     167
     168
     147
     177
     182
     172
     158
     188
     160
     178
     154
     159
     160
     161
     161
     165
     170
     164
     150
     181
     172
     169
     160
     153
     154
     141
     155
     152
     163
     160
     183
     169
     153
     177
     151
     152
     151
     137
     164
     170
     168
     174
     166
     148
     143
     162
     165
     156
     160
     179
     152
     164
     187
     165
     155
     191
     153
     163
     164
     187
     163
     164
     167
     174
     168
     175
     150
     162
     191
     144
     191
     160
     153
     156
     154
     155
     167
     162
     151
     177
     155
     150
     132
     158
     166
     170
     152
     154
     162
     158
     148
     179
     156
     129
     135
     168
     143
     155
     177
     153
     169
     142
     160
     168
     178
     177
     168
     189
     183
     139
     168
     159
     149
     162
     129
     157
     181
     142
     155
     179
     148
     163
     136
     164
     167
     157
     172
     154
     169
     150
     148
     154
     155
     166
     157
     170
     151
     147
     184
     165
     167
     174
     148
     151
     166
     139
     159
     150
     141
     175
     176
     156
     134
     166
     135
     155
     167
     167
     153
     147
     152
     152
     146
     144
     119
     144
     158
     158
     160
     123
     159
     146
     150
     153
     160
     158
     176
     152
     142
     151
     146
     169
     183
     200
     137
     150
     156
     152
     154
     163
     147
     160
     151
     139
     158
     147
     169
     134
     148
     147
     142
     133
     161
     143
     146
     149
     145
     154
     154
     149
     156
     161
     158
     167
     138
     143
     173
     157
     153
     135
     152
     164
     149
     177
     163
     155
     144
     139
     155
     148
     134
     152
     141
     141
     153
     134
     152
     136
     153
     149
     152
     162
     159
     133
     151
     159
     139
     154
     151
     142
     166
     139
     164
     136
     146
     158
     149
     169
     136
     175
     165
     158
     156
     159
     150
     156
     149
     155
     161
     146
     145
     158
     143
     136
     160
     150
     163
     135
     152
     158
     161
     143
     138
     152
     164
     132
     169
     149
     139
     129
     138
     147
     149
     161
     148
     146
     155
     158
     154
     138
     162
     155
     165
     162
     171
     138
     143
     150
     160
     145
     152
     172
     137
     155
     171
     148
     144
     142
     163
     156
     129
     126
     141
     132
     156
     176
     130
     149
     139
     139
     137
     142
     168
     149
     153
     175
     143
     156
     156
     141
     149
     136
     137
     139
     165
     178
     167
     144
     123
     134
     124
     149
     145
     155
     140
     141
     158
     119
     123
     149
     151
     121
     130
     143
     142
     150
     138
     125
     163
     129
     128
     151
     128
     135
     147
     173
     134
     136
     136
     153
     145
     136
     149
     150
     142
     131
     151
     133
     131
     153
     144
     150
     136
     139
     136
     140
     164
     149
     167
     139
     146
     127
     138
     116
     132
     136
     150
     164
     141
     154
     143
     148
     161
     143
     150
     146
     128
     155
     149
     142
     154
     128
     170
     108
     159
     150
     147
     145
     158
     143
     148
     149
     160
     143
     139
     135
     140
     140
     157
     127
     140
     150
     134
     152
     146
     139
     124
     130
     138
     143
     161
     145
     147
     149
     154
     148
     139
     149
     144
     165
     125
     129
     136
     154
     160
     162
     135
     134
     143
     133
     125
     142
     148
     139
     143
     116
     140
     136
     143
     143
     115
     135
     124
     131
     163
     144
     131
     118
     148
     137
     142
     145
     142
     132
     128
     137
     113
     124
     115
     147
     151
     132
     136
     157
     147
     142
     122
     145
     135
     140
     117
     155
     152
     142
     134
     165
     125
     140
     120
     156
     142
     129
     153
     110
     139
     146
     135
     154
     119
     161
     154
     133
     147
     133
     132
     131
     148
     120
     136
     124
     146
     155
     132
     135
     124
     125
     128
     137
     133
     142
     153
     141
     132
     130
     141
     128
     133
     146
     107
     142
     118
     129
     132
     125
     130
     173
     149
     128
     136
     136
     122
     138
     140
     140
     111
     142
     133
     137
     141
     132
     137
     131
     139
     137
     146
     147
     136
     139
     152
     112
     157
     115
     115
     144
     141
     124
     116
     131
     122
     127
     125
     120
     130
     151
     130
     116
     132
     151
     159
     124
     129
     125
     133
     141
     134
     127
     134
     129
     186
     262
     254
     251
     215
     244
     248
     238
     251
     227
     249
     214
     243
     231
     229
     209
     232
     233
     213
     228
     188
     222
     194
     215
     192
     217
     223
     169
     225
     190
     195
     212
     219
     209
     201
     202
     204
     191
     232
     208
     205
     186
     194
     192
     201
     193
     186
     186
     166
     185
     173
     177
     155
     175
     185
     162
     168
     164
     163
     184
     170
     162
     170
     162
     154
     161
     149
     151
     144
     135
     138
     144
     169
     127
     130
     144
     159
     139
     144
     150
     141
     115
     144
     116
     138
     123
     130
     121
     109
     130
     125
     141
     131
     101
     116
     115
     112
     122
     112
      97
      89
     109
     107
     112
     103
     116
     101
      94
     107
      98
      93
      92
      76
      90
      85
      90
      84
      66
      94
      90
      83
      73
      86
      81
      56
      60
      78
      66
      63
      59
      68
      60
      76
      71
      64
      54
      51
      56
      43
      47
      63
      39
      53
      55
      52
      48
      53
      45
      38
      37
      30
      45
      26
      33
      28
      30
      29
      20
      27
      29
      18
      17
      22
      26
      14
      16
       8
      10
       9
      10
       2
       2
       2
       2
       2
       0
       0
       0
       0
       0
       0
       0
       0
       0
       0
$ROI:
1
1521 1670
$PRESETS:
None
0
0
$ENER_FIT:
-195.376602 1.308774
$MCA_CAL:
3
-1.953766E+002 1.308774E+000 0.000000E+000
$SHAPE_CAL:
3
7.101761E+001 -9.336430E-003 0.000000E+000
