$SPEC_ID:
No sample description was entered.
$SPEC_REM:
DET# 1
DETDESC# MCB 338
AP# GammaVision Version 6.01
$DATE_MEA:
01/29/2018 11:00:29
$MEAS_TIM:
10457 10804
$DATA:
0 8191
       0
       0
       0
       0
       0
       0
       0
       0
       0
       0
       0
       0
       0
       0
       0
       0
       0
       0
       0
       0
       0
       0
       0
       0
       0
       0
       0
       0
       0
       0
       0
       0
       0
       0
       0
       0
       0
       0
       0
       0
       0
       0
       0
       0
       0
       0
       0
       0
       0
       0
       0
       0
       0
       0
       0
       0
       0
       0
       0
       0
       0
       0
       0
       0
       0
       0
       0
       0
       0
       0
       0
       1
       0
       1
       2
       1
      34
     827
    2965
    6443
   10663
   14517
   18160
   19772
   20149
   19979
   20460
   20454
   20448
   20508
   20654
   20757
   20608
   21223
   21497
   21115
   21223
   21640
   21653
   21655
   21960
   21802
   22059
   22073
   22586
   22402
   22882
   22796
   22947
   23119
   23438
   23497
   23825
   23946
   24109
   24673
   24732
   24939
   24775
   25211
   25503
   25565
   25949
   25810
   26245
   26427
   26817
   27187
   27637
   27657
   28335
   28316
   28182
   28941
   28698
   29042
   29545
   30169
   30180
   30332
   30736
   31009
   30977
   31192
   31581
   32034
   32253
   32630
   33069
   33962
   33614
   33494
   34242
   34392
   34674
   34923
   35562
   35356
   35874
   36219
   36358
   36540
   37066
   37054
   37473
   37421
   37874
   38087
   37974
   38420
   38718
   38530
   38861
   38914
   39147
   39456
   39223
   39172
   39172
   39766
   39795
   39280
   39631
   39816
   39819
   39751
   39842
   39836
   40164
   39877
   40115
   39746
   39493
   39524
   39959
   39717
   39730
   39293
   39413
   39014
   39110
   39049
   39115
   38424
   38595
   38051
   38115
   38025
   37582
   37523
   37320
   36849
   36880
   36519
   36218
   35898
   35552
   35118
   34587
   34545
   34294
   33724
   33251
   33409
   32547
   32359
   31964
   31947
   31449
   31202
   30842
   30407
   30321
   29437
   29320
   28785
   28371
   28522
   28075
   27330
   27198
   27053
   26401
   26317
   25676
   25399
   24979
   24552
   24284
   24050
   23594
   23395
   22966
   22722
   22280
   22024
   21730
   21060
   21297
   20854
   20470
   19987
   19711
   19548
   19275
   18918
   18689
   18352
   17983
   17882
   17454
   17442
   17081
   16962
   16602
   16437
   16147
   15751
   15839
   15549
   15159
   15431
   14891
   14739
   14552
   14207
   14280
   14068
   13890
   13646
   13696
   13483
   13451
   12994
   13179
   12694
   12496
   12561
   12250
   12100
   12262
   12167
   11943
   11783
   11650
   11756
   11532
   11541
   11307
   11138
   11307
   11068
   11048
   10999
   10775
   10700
   10729
   10573
   10394
   10358
   10360
   10366
   10241
   10217
   10146
    9966
   10079
    9916
    9996
    9788
    9929
    9743
    9644
    9688
    9725
    9579
    9391
    9324
    9375
    9325
    9417
    9334
    9196
    9116
    9191
    9154
    9010
    9071
    8910
    8994
    8957
    8756
    9048
    8921
    8793
    8909
    8644
    8596
    8737
    8697
    8527
    8567
    8593
    8679
    8628
    8256
    8359
    8497
    8556
    8255
    8315
    8338
    8444
    8307
    8225
    8243
    8233
    8221
    8103
    7902
    8078
    8048
    8048
    8004
    8223
    8077
    8099
    8113
    8010
    7890
    8029
    7930
    7948
    7901
    7909
    7805
    7819
    7728
    7727
    7706
    7671
    7765
    7868
    7833
    7694
    7844
    7624
    7864
    7843
    7705
    7691
    7750
    7767
    7577
    7695
    7660
    7577
    7524
    7783
    7622
    7444
    7715
    7751
    7658
    7760
    7548
    7598
    7677
    7636
    7665
    7651
    7511
    7557
    7634
    7585
    7522
    7564
    7669
    7645
    7420
    7444
    7552
    7633
    7564
    7563
    7797
    7555
    7526
    7576
    7580
    7696
    7606
    7605
    7688
    7654
    7780
    7762
    7528
    7671
    7693
    7730
    7827
    7686
    7674
    7677
    7691
    7770
    7667
    7722
    7736
    7676
    7795
    7626
    7831
    7785
    7721
    7739
    7913
    7716
    7739
    7808
    7863
    7719
    7980
    7943
    7914
    7871
    7926
    7672
    7873
    7746
    8010
    7669
    7804
    7770
    7751
    8065
    7864
    7870
    7944
    7910
    7892
    7857
    7791
    7683
    7926
    7886
    7798
    7709
    7741
    7724
    7824
    7743
    7681
    7716
    7765
    7700
    7710
    7726
    7777
    7701
    7714
    7875
    7781
    7644
    7881
    7697
    7779
    7717
    7708
    7700
    7503
    7495
    7458
    7522
    7231
    7526
    7491
    7349
    7377
    7352
    7332
    7503
    7389
    7285
    7293
    7189
    7375
    7322
    7123
    7196
    7179
    7043
    7039
    7090
    7119
    6991
    6874
    6949
    6860
    6889
    6791
    6835
    6811
    6862
    6678
    6657
    6856
    6626
    6731
    6717
    6594
    6602
    6660
    6491
    6359
    6351
    6410
    6218
    6274
    6303
    6271
    6287
    6255
    6000
    6161
    6014
    5983
    5973
    5870
    5992
    5848
    6037
    5972
    5807
    5777
    5881
    5633
    5792
    5771
    5706
    5683
    5566
    5676
    5614
    5485
    5547
    5418
    5432
    5447
    5510
    5415
    5390
    5461
    5266
    5292
    5212
    5392
    5223
    5184
    5215
    5259
    5226
    5121
    5109
    5114
    5087
    5116
    5021
    4944
    4963
    5051
    5065
    4963
    5014
    4938
    4858
    4916
    4846
    5032
    4767
    4935
    4850
    4865
    4952
    4898
    4885
    4807
    4943
    4825
    4927
    4741
    4866
    4892
    4716
    4899
    4967
    4881
    4907
    4788
    5004
    4816
    4802
    4998
    4981
    5027
    5038
    5079
    4922
    5032
    5009
    5042
    5097
    5053
    5051
    5054
    5198
    5143
    5054
    5084
    5101
    5309
    5035
    5232
    5120
    5324
    5308
    5351
    5249
    5526
    5291
    5421
    5445
    5424
    5417
    5453
    5418
    5552
    5648
    5558
    5574
    5595
    5527
    5558
    5648
    5672
    5781
    5706
    5565
    5875
    5742
    5921
    6078
    5976
    5941
    5952
    5988
    6093
    6005
    6147
    6155
    6312
    6348
    6085
    6242
    6417
    6529
    6402
    6427
    6417
    6563
    6567
    6549
    6569
    6679
    6620
    6650
    6514
    6852
    6618
    6769
    6879
    6843
    6931
    6962
    6960
    7002
    7077
    7163
    7009
    6934
    7235
    7134
    7145
    7180
    7172
    7058
    7200
    7256
    7333
    7491
    7082
    7232
    7435
    7428
    7439
    7381
    7282
    7467
    7493
    7555
    7608
    7562
    7597
    7667
    7531
    7726
    7644
    7451
    7714
    7645
    7644
    7686
    7702
    7623
    7629
    7613
    7829
    7563
    7602
    7804
    7647
    7787
    7874
    7539
    7723
    7638
    7753
    7687
    7614
    7567
    7758
    7576
    7662
    7735
    7637
    7452
    7598
    7624
    7670
    7452
    7581
    7491
    7472
    7430
    7408
    7472
    7500
    7280
    7416
    7470
    7329
    7345
    7323
    7382
    7335
    7234
    7112
    7277
    7145
    7309
    7223
    7339
    7070
    6969
    7098
    6954
    6913
    6910
    6928
    6779
    6785
    7012
    6831
    6773
    6687
    6801
    6700
    6685
    6678
    6504
    6560
    6493
    6611
    6510
    6479
    6425
    6270
    6517
    6394
    6172
    6240
    6273
    6143
    5855
    6124
    6064
    5957
    5936
    6007
    5917
    5910
    5954
    5797
    5812
    5840
    5723
    5568
    5657
    5531
    5553
    5586
    5629
    5588
    5418
    5460
    5313
    5368
    5242
    5412
    5243
    5105
    5167
    5236
    5090
    5207
    5019
    4962
    4931
    4942
    5076
    4901
    4849
    4969
    4859
    4730
    4718
    4903
    4702
    4619
    4722
    4625
    4626
    4437
    4509
    4600
    4522
    4352
    4466
    4293
    4373
    4328
    4314
    4467
    4292
    4316
    4275
    4284
    4192
    4169
    4052
    4186
    3914
    4133
    4059
    4015
    3959
    4100
    3927
    3968
    3814
    3917
    3864
    3844
    3892
    3924
    3755
    3751
    3797
    3835
    3713
    3780
    3765
    3693
    3779
    3682
    3633
    3633
    3522
    3509
    3599
    3627
    3483
    3687
    3527
    3558
    3514
    3564
    3380
    3484
    3494
    3374
    3357
    3333
    3411
    3427
    3430
    3348
    3192
    3412
    3294
    3379
    3401
    3311
    3425
    3241
    3221
    3287
    3339
    3197
    3290
    3274
    3172
    3234
    3205
    3206
    3216
    3160
    3114
    3206
    3148
    3233
    3043
    3156
    3215
    3101
    3015
    3060
    3030
    3113
    2993
    2965
    3094
    3166
    3112
    3206
    3111
    3085
    3040
    3068
    2934
    3077
    3131
    3053
    3042
    2983
    2930
    3060
    2907
    3077
    2817
    2948
    2983
    2944
    2905
    2947
    2915
    2978
    2961
    2841
    2927
    3019
    2874
    2847
    2761
    2912
    2942
    2882
    2941
    2835
    2831
    2871
    2815
    2920
    2860
    2894
    2811
    2908
    2776
    2780
    2794
    2787
    2869
    2816
    2764
    2841
    2821
    2752
    2773
    2724
    2870
    2761
    2693
    2774
    2704
    2702
    2767
    2697
    2642
    2793
    2794
    2697
    2693
    2739
    2648
    2657
    2664
    2675
    2716
    2759
    2740
    2732
    2665
    2648
    2674
    2699
    2679
    2692
    2661
    2542
    2605
    2633
    2481
    2692
    2613
    2644
    2621
    2571
    2610
    2632
    2632
    2527
    2540
    2670
    2581
    2606
    2603
    2581
    2656
    2588
    2588
    2647
    2548
    2563
    2458
    2473
    2539
    2632
    2549
    2557
    2572
    2577
    2575
    2509
    2427
    2555
    2540
    2485
    2460
    2369
    2493
    2543
    2393
    2441
    2491
    2514
    2487
    2502
    2450
    2452
    2379
    2457
    2454
    2466
    2325
    2508
    2419
    2401
    2403
    2469
    2479
    2442
    2368
    2462
    2415
    2447
    2370
    2361
    2445
    2394
    2464
    2496
    2377
    2348
    2375
    2352
    2330
    2307
    2369
    2314
    2395
    2347
    2456
    2367
    2331
    2353
    2321
    2396
    2311
    2302
    2449
    2289
    2322
    2271
    2341
    2349
    2204
    2286
    2321
    2265
    2321
    2324
    2306
    2285
    2285
    2391
    2321
    2355
    2377
    2230
    2254
    2198
    2246
    2330
    2268
    2165
    2239
    2321
    2230
    2197
    2204
    2341
    2237
    2301
    2259
    2222
    2209
    2219
    2233
    2188
    2254
    2325
    2198
    2340
    2299
    2157
    2312
    2224
    2205
    2257
    2300
    2235
    2316
    2266
    2243
    2244
    2170
    2159
    2166
    2188
    2316
    2262
    2207
    2167
    2162
    2225
    2113
    2211
    2217
    2198
    2097
    2153
    2148
    2228
    2202
    2161
    2257
    2166
    2100
    2226
    2193
    2198
    2227
    2241
    2181
    2272
    2212
    2170
    2208
    2149
    2090
    2192
    2210
    2215
    2116
    2255
    2207
    2226
    2139
    2134
    2215
    2269
    2138
    2143
    2141
    2181
    2143
    2235
    2274
    2188
    2123
    2166
    2117
    2158
    2148
    2191
    2165
    2204
    2240
    2141
    2161
    2248
    2175
    2156
    2102
    2175
    2048
    2015
    2260
    2110
    2060
    2244
    2142
    2199
    2170
    2127
    2124
    2175
    2149
    2119
    2110
    2159
    2142
    2109
    2145
    2177
    2143
    2096
    2200
    2249
    2130
    2119
    2102
    2122
    2079
    1986
    2166
    2103
    2120
    2107
    2140
    2144
    2117
    2067
    2161
    2114
    2066
    2205
    2113
    2057
    2126
    2114
    2075
    2084
    2145
    2081
    2094
    2090
    2123
    2097
    2130
    2134
    2129
    2095
    2130
    2005
    2134
    2090
    2046
    2091
    2052
    2050
    2094
    2159
    2104
    2105
    2067
    2051
    2079
    2023
    2083
    2112
    2063
    2103
    2029
    2061
    2043
    2134
    2102
    2133
    2008
    2063
    2060
    2001
    2043
    2023
    2043
    2084
    2060
    2117
    2000
    1966
    2111
    2045
    1994
    1969
    2000
    2007
    2029
    2101
    2039
    1965
    1988
    2051
    2028
    2041
    1948
    2024
    1984
    1971
    2094
    2007
    2030
    2036
    2000
    1963
    2060
    1957
    1947
    2062
    2009
    2055
    2003
    1958
    1983
    1999
    1903
    1963
    1976
    1915
    1976
    2051
    1929
    1970
    2028
    2099
    1952
    1966
    1947
    1982
    1956
    2042
    2003
    1877
    1956
    1981
    2002
    1963
    1955
    1964
    1941
    1893
    1866
    1924
    1942
    1878
    1936
    1921
    1938
    1899
    1849
    1898
    1771
    1958
    1892
    1863
    1876
    1853
    1900
    1929
    1892
    1946
    1904
    1950
    1869
    1962
    2003
    1887
    1905
    1909
    1879
    1902
    1854
    1818
    1896
    1942
    1889
    1859
    1826
    1836
    1800
    1837
    1842
    1782
    1812
    1900
    1831
    1860
    1835
    1811
    1842
    1793
    1869
    1874
    1831
    1865
    1876
    1822
    1869
    1831
    1871
    1774
    1744
    1853
    1854
    1782
    1792
    1826
    1790
    1812
    1845
    1737
    1826
    1767
    1844
    1884
    1872
    1777
    1740
    1809
    1819
    1831
    1764
    1824
    1810
    1790
    1770
    1806
    1850
    1735
    1790
    1814
    1842
    1731
    1823
    1812
    1818
    1773
    1730
    1833
    1791
    1761
    1819
    1821
    1857
    1858
    1862
    1742
    1724
    1726
    1752
    1830
    1756
    1820
    1855
    1786
    1841
    1795
    1780
    1715
    1742
    1730
    1740
    1726
    1796
    1753
    1799
    1767
    1758
    1745
    1778
    1738
    1771
    1812
    1826
    1694
    1729
    1742
    1759
    1790
    1728
    1756
    1777
    1710
    1807
    1717
    1796
    1730
    1771
    1790
    1790
    1754
    1789
    1711
    1747
    1805
    1766
    1777
    1770
    1691
    1798
    1730
    1745
    1747
    1746
    1680
    1741
    1734
    1771
    1705
    1687
    1813
    1810
    1731
    1728
    1735
    1648
    1681
    1731
    1693
    1765
    1747
    1790
    1786
    1729
    1733
    1766
    1772
    1791
    1791
    1685
    1744
    1714
    1708
    1760
    1768
    1731
    1778
    1711
    1730
    1794
    1749
    1759
    1728
    1733
    1725
    1782
    1762
    1713
    1721
    1812
    1666
    1712
    1735
    1705
    1669
    1686
    1743
    1800
    1738
    1682
    1716
    1769
    1717
    1869
    1715
    1817
    1708
    1736
    1790
    1711
    1757
    1777
    1757
    1718
    1729
    1736
    1706
    1669
    1661
    1670
    1751
    1781
    1840
    1756
    1808
    1732
    1677
    1726
    1673
    1727
    1679
    1627
    1668
    1744
    1899
    1691
    1781
    1823
    1793
    1730
    1780
    1787
    1723
    1705
    1755
    1764
    1785
    1768
    1797
    1725
    1721
    1760
    1815
    1772
    1693
    1680
    1722
    1756
    1765
    1819
    1760
    1777
    1814
    1857
    1755
    1760
    1758
    1676
    1718
    1746
    1753
    1786
    1761
    1763
    1815
    1731
    1781
    1771
    1783
    1761
    1743
    1841
    1678
    1784
    1816
    1731
    1822
    1812
    1794
    1866
    1753
    1734
    1753
    1748
    1777
    1798
    1748
    1775
    1795
    1789
    1766
    1773
    1729
    1838
    1824
    1798
    1713
    1742
    1821
    1786
    1843
    1778
    1846
    1717
    1759
    1852
    1751
    1818
    1831
    1778
    1806
    1784
    1824
    1809
    1803
    1824
    1815
    1748
    1725
    1806
    1791
    1815
    1754
    1752
    1814
    1723
    1819
    1837
    1771
    1757
    1806
    1787
    1766
    1806
    1766
    1865
    1757
    1778
    1800
    1816
    1800
    1841
    1883
    1758
    1826
    1877
    1821
    1866
    1824
    1792
    1851
    1810
    1807
    1814
    1763
    1896
    1812
    1874
    1808
    1805
    1761
    1907
    1820
    1860
    1739
    1888
    1762
    1862
    1818
    1811
    1856
    1841
    1822
    1877
    1835
    1812
    1774
    1840
    1820
    1865
    1848
    1854
    1814
    1882
    1762
    1847
    1841
    1811
    1807
    1803
    1857
    1822
    1848
    1840
    1930
    1886
    1900
    1885
    1903
    1815
    1832
    1881
    1842
    1824
    1838
    1883
    1905
    1826
    1868
    1822
    1863
    1891
    1813
    1803
    1922
    1797
    1860
    1858
    1816
    1803
    1847
    1858
    1920
    1921
    1833
    1927
    1754
    1798
    1787
    1789
    1835
    1844
    1839
    1830
    1879
    1859
    1856
    1853
    1820
    1846
    1865
    1900
    1887
    1809
    1873
    1890
    1841
    1847
    1745
    1832
    1846
    1840
    1741
    1743
    1825
    1826
    1842
    1854
    1870
    1867
    1832
    1784
    1843
    1834
    1910
    1753
    1879
    1809
    1797
    1864
    1798
    1831
    1794
    1789
    1771
    1785
    1854
    1797
    1792
    1811
    1827
    1829
    1848
    1804
    1867
    1765
    1839
    1761
    1835
    1705
    1744
    1774
    1829
    1809
    1768
    1801
    1794
    1791
    1826
    1782
    1793
    1664
    1833
    1785
    1787
    1833
    1775
    1786
    1702
    1736
    1843
    1805
    1779
    1738
    1711
    1759
    1829
    1716
    1732
    1736
    1747
    1759
    1777
    1741
    1755
    1670
    1808
    1744
    1770
    1776
    1729
    1738
    1698
    1743
    1706
    1638
    1717
    1748
    1686
    1675
    1667
    1731
    1762
    1731
    1730
    1735
    1735
    1674
    1724
    1688
    1679
    1705
    1608
    1661
    1730
    1620
    1612
    1727
    1708
    1613
    1683
    1675
    1657
    1698
    1630
    1619
    1646
    1669
    1598
    1661
    1621
    1629
    1655
    1689
    1610
    1672
    1674
    1706
    1679
    1661
    1602
    1609
    1616
    1669
    1654
    1576
    1678
    1616
    1578
    1692
    1586
    1615
    1575
    1522
    1576
    1639
    1556
    1504
    1570
    1590
    1516
    1597
    1602
    1596
    1579
    1568
    1564
    1586
    1518
    1528
    1591
    1507
    1613
    1555
    1598
    1538
    1576
    1550
    1520
    1493
    1528
    1552
    1537
    1578
    1505
    1545
    1579
    1595
    1566
    1563
    1541
    1465
    1532
    1524
    1513
    1521
    1513
    1548
    1486
    1484
    1532
    1511
    1497
    1546
    1541
    1560
    1543
    1407
    1459
    1495
    1503
    1505
    1435
    1577
    1466
    1500
    1477
    1519
    1454
    1456
    1540
    1526
    1511
    1462
    1459
    1414
    1439
    1464
    1377
    1400
    1424
    1500
    1538
    1409
    1460
    1425
    1477
    1454
    1434
    1410
    1411
    1364
    1392
    1423
    1443
    1419
    1353
    1424
    1444
    1420
    1375
    1401
    1358
    1390
    1278
    1427
    1351
    1394
    1413
    1438
    1357
    1365
    1371
    1347
    1341
    1366
    1392
    1372
    1331
    1341
    1340
    1408
    1368
    1325
    1342
    1310
    1369
    1384
    1321
    1364
    1340
    1293
    1294
    1327
    1338
    1350
    1303
    1320
    1295
    1340
    1367
    1351
    1389
    1321
    1440
    1305
    1259
    1317
    1320
    1312
    1288
    1293
    1357
    1293
    1276
    1260
    1286
    1290
    1243
    1225
    1311
    1297
    1321
    1253
    1263
    1254
    1247
    1328
    1307
    1283
    1313
    1307
    1247
    1209
    1270
    1300
    1243
    1223
    1305
    1274
    1213
    1275
    1272
    1281
    1310
    1293
    1204
    1324
    1214
    1237
    1290
    1258
    1215
    1270
    1261
    1229
    1213
    1225
    1231
    1251
    1268
    1234
    1299
    1228
    1257
    1290
    1178
    1135
    1143
    1199
    1225
    1224
    1214
    1253
    1163
    1206
    1224
    1204
    1186
    1257
    1302
    1179
    1243
    1221
    1142
    1284
    1233
    1221
    1187
    1150
    1194
    1197
    1209
    1198
    1193
    1223
    1152
    1195
    1217
    1200
    1125
    1193
    1187
    1165
    1176
    1154
    1095
    1215
    1215
    1151
    1172
    1173
    1200
    1210
    1185
    1226
    1150
    1225
    1102
    1182
    1170
    1066
    1159
    1149
    1168
    1205
    1148
    1152
    1089
    1194
    1215
    1203
    1173
    1196
    1167
    1217
    1166
    1115
    1116
    1157
    1122
    1147
    1108
    1131
    1087
    1200
    1077
    1177
    1144
    1116
    1119
    1093
    1162
    1120
    1088
    1131
    1079
    1090
    1149
    1092
    1199
    1135
    1078
    1155
    1096
    1108
    1106
    1155
    1140
    1132
    1084
    1087
    1059
    1091
    1144
    1106
    1051
    1134
    1135
    1045
    1144
    1088
    1200
    1119
    1071
    1100
    1114
    1081
    1075
    1114
    1152
    1134
    1106
    1097
    1098
    1087
    1057
    1066
    1123
    1047
    1099
    1067
    1090
    1080
    1020
    1103
    1086
    1051
    1110
    1031
    1086
    1112
    1019
    1101
    1091
    1075
    1054
    1051
    1049
    1019
    1073
    1102
    1067
    1095
    1107
    1065
    1080
    1056
    1100
    1037
    1023
    1082
     992
    1104
    1047
    1011
    1083
    1115
    1061
    1058
    1024
    1077
    1075
    1028
    1140
    1078
    1018
     986
    1089
    1061
    1035
    1054
    1031
    1082
    1011
    1044
    1047
    1024
    1024
    1077
    1052
    1049
    1042
     978
    1046
    1075
     993
    1029
     980
    1041
    1088
    1021
     961
    1014
    1017
    1038
     952
    1005
    1037
     978
    1041
    1031
    1010
    1052
     932
    1018
     999
     994
     989
    1017
     942
    1008
    1028
    1008
     964
     994
     970
     965
     944
     954
     961
     984
    1020
     945
     994
     949
    1023
    1032
     960
     953
     960
     986
     997
    1008
     949
     990
     962
     983
     978
     962
     957
     983
     974
     938
     935
     931
     930
     962
     974
     965
     983
     941
     954
     974
     909
    1026
     966
     990
     941
     970
     952
     908
     988
     920
     948
     937
     951
     980
     978
     951
     912
     907
     888
     913
     973
     956
     930
     957
     912
     947
     909
     950
     899
     926
     960
     956
     940
     947
     901
     953
     901
     938
     960
     897
     885
     933
     954
     930
     900
     971
     996
     951
     946
     921
     942
     940
     954
     925
    1000
     952
     959
     929
     887
     962
     894
     947
     961
     937
     940
     956
     944
     856
     911
     956
     911
     882
     954
     910
     913
     949
     929
     948
     904
     910
     863
     918
     932
     927
     946
     896
     876
     914
     958
     915
     937
     937
     980
     921
     964
     918
     904
     900
     937
     920
     908
     894
     927
     903
     974
     955
     925
     952
     968
     933
     968
     933
     962
     902
     910
     934
     917
     957
     988
     939
     932
     967
     978
     937
     996
     984
     927
     923
     984
     933
     900
     960
     961
     956
     899
     970
     960
     965
     894
     938
     909
     928
     939
     929
     924
     889
     932
     943
     950
     978
     966
     956
     953
     976
    1008
     945
     955
     936
     917
     954
     914
     954
     956
    1008
     957
     942
     990
     917
    1004
    1002
     936
     944
     948
     991
     892
     931
     919
     996
     921
     960
     948
     980
     892
    1034
     903
     970
     985
     962
    1013
     962
    1003
     973
     977
     973
     937
     975
     954
     890
    1003
     977
     960
     910
    1018
     912
     991
    1083
     970
     923
     940
     958
    1019
    1020
     933
    1001
     992
     951
     942
    1007
     968
     937
     977
    1022
     948
     990
     980
     952
     960
     915
     966
     991
     911
     966
     972
     974
     975
     928
     950
     965
     893
     982
    1039
     952
     959
     980
     989
     950
     951
     934
    1024
     972
     940
     898
     947
     978
     945
     976
     984
     959
     899
     994
     981
     983
     881
     943
     912
     952
     990
     985
     952
     941
     957
     993
     973
     952
     956
     941
     962
     991
    1002
     952
     996
     863
     932
     987
     949
     894
     908
     914
     961
     931
     945
     924
     983
     932
     897
     947
     976
     989
     904
     953
     937
     926
     938
     907
     949
     972
     871
     899
     908
     930
     889
     892
     934
     892
     917
     917
     898
     916
     894
     828
     870
     917
     934
     853
     883
     954
     944
     866
     902
     907
     891
     944
     895
     915
     920
     852
     888
     911
     893
     848
     885
     918
     883
     814
     880
     864
     842
     878
     874
     863
     893
     845
     852
     809
     817
     837
     875
     841
     851
     867
     844
     864
     813
     850
     817
     833
     821
     875
     790
     773
     798
     921
     873
     761
     808
     802
     819
     770
     799
     817
     799
     823
     838
     782
     778
     805
     771
     827
     851
     733
     744
     755
     754
     783
     764
     800
     740
     778
     769
     770
     791
     765
     782
     743
     773
     776
     734
     765
     748
     782
     763
     788
     752
     727
     764
     785
     756
     768
     792
     717
     731
     698
     716
     765
     723
     717
     691
     661
     746
     741
     690
     758
     772
     675
     710
     649
     682
     678
     723
     663
     725
     709
     720
     694
     690
     690
     688
     705
     690
     656
     737
     673
     662
     610
     688
     660
     663
     639
     662
     636
     667
     567
     643
     627
     698
     637
     652
     605
     615
     658
     640
     590
     664
     637
     637
     593
     609
     595
     593
     671
     599
     620
     680
     587
     555
     590
     621
     573
     601
     621
     615
     563
     577
     599
     583
     572
     570
     551
     584
     582
     557
     583
     601
     550
     589
     589
     586
     580
     593
     524
     557
     592
     562
     552
     566
     580
     558
     511
     551
     539
     558
     504
     530
     583
     529
     605
     521
     548
     520
     532
     475
     506
     514
     541
     467
     526
     552
     531
     527
     521
     497
     498
     521
     493
     490
     507
     508
     489
     480
     505
     452
     502
     516
     510
     479
     462
     459
     459
     456
     468
     489
     506
     490
     495
     474
     484
     453
     458
     462
     475
     456
     434
     475
     483
     427
     461
     454
     431
     455
     455
     475
     460
     461
     435
     405
     406
     418
     443
     466
     437
     401
     436
     417
     403
     428
     441
     388
     411
     402
     410
     426
     451
     388
     430
     388
     427
     385
     371
     389
     398
     408
     409
     440
     386
     408
     402
     393
     370
     399
     361
     359
     354
     400
     370
     397
     374
     381
     356
     401
     396
     375
     369
     351
     382
     383
     358
     353
     360
     357
     351
     343
     389
     366
     354
     360
     360
     347
     361
     342
     336
     355
     352
     365
     340
     370
     364
     365
     354
     349
     336
     345
     312
     346
     343
     331
     341
     353
     337
     353
     348
     336
     319
     333
     308
     334
     335
     360
     300
     304
     322
     301
     321
     313
     353
     368
     309
     326
     294
     329
     339
     295
     321
     330
     332
     300
     313
     317
     299
     344
     313
     301
     313
     317
     327
     327
     301
     316
     276
     322
     312
     284
     290
     286
     314
     305
     281
     307
     304
     319
     292
     304
     309
     278
     284
     295
     279
     289
     277
     277
     278
     271
     301
     283
     260
     295
     307
     282
     242
     280
     286
     274
     263
     274
     276
     281
     231
     260
     259
     269
     284
     271
     268
     255
     262
     315
     277
     224
     270
     284
     299
     263
     273
     263
     257
     293
     284
     266
     244
     245
     244
     233
     274
     265
     263
     283
     264
     275
     260
     244
     267
     258
     255
     267
     262
     212
     278
     263
     245
     257
     247
     270
     260
     226
     259
     253
     263
     260
     244
     224
     267
     218
     262
     237
     249
     262
     228
     226
     273
     243
     259
     237
     247
     241
     232
     250
     261
     227
     253
     295
     230
     260
     236
     262
     200
     264
     247
     241
     262
     247
     269
     262
     230
     240
     235
     253
     276
     250
     268
     262
     273
     230
     259
     271
     249
     259
     241
     248
     242
     197
     265
     227
     247
     252
     237
     256
     245
     232
     234
     246
     252
     249
     265
     222
     258
     237
     253
     252
     218
     263
     229
     253
     243
     247
     256
     252
     258
     251
     272
     271
     233
     241
     254
     242
     258
     263
     260
     253
     249
     276
     270
     234
     234
     269
     248
     252
     260
     237
     265
     256
     247
     240
     228
     234
     239
     261
     265
     291
     251
     231
     265
     228
     264
     239
     281
     272
     245
     272
     257
     236
     243
     253
     245
     234
     262
     243
     242
     251
     259
     236
     252
     271
     253
     271
     234
     237
     271
     258
     262
     254
     290
     269
     274
     264
     250
     240
     266
     263
     261
     249
     257
     257
     255
     288
     261
     279
     256
     224
     246
     249
     270
     245
     280
     252
     270
     252
     265
     257
     260
     254
     261
     267
     277
     297
     274
     265
     248
     268
     278
     284
     273
     245
     294
     272
     313
     274
     282
     287
     297
     289
     272
     280
     276
     277
     295
     241
     271
     276
     270
     277
     279
     229
     273
     302
     285
     294
     258
     264
     239
     258
     260
     285
     256
     254
     295
     276
     272
     278
     258
     272
     303
     279
     249
     313
     280
     256
     302
     290
     262
     276
     274
     281
     294
     277
     298
     294
     289
     266
     259
     295
     267
     276
     265
     247
     286
     256
     282
     260
     259
     279
     280
     275
     252
     256
     267
     246
     302
     288
     257
     290
     299
     298
     281
     267
     284
     253
     239
     309
     273
     288
     284
     250
     284
     268
     249
     247
     262
     253
     267
     306
     289
     276
     258
     283
     269
     289
     281
     297
     249
     275
     290
     251
     283
     247
     255
     252
     250
     281
     301
     251
     282
     258
     257
     239
     264
     274
     274
     286
     249
     278
     277
     283
     275
     231
     287
     259
     292
     267
     279
     267
     256
     244
     280
     283
     282
     256
     262
     256
     263
     276
     257
     240
     265
     236
     236
     236
     254
     250
     219
     272
     253
     259
     241
     253
     236
     255
     236
     263
     255
     252
     261
     223
     248
     260
     249
     253
     259
     273
     259
     237
     246
     240
     238
     275
     258
     241
     243
     225
     256
     237
     236
     223
     230
     225
     232
     247
     194
     235
     245
     222
     212
     240
     227
     237
     226
     211
     210
     210
     245
     242
     215
     235
     222
     221
     254
     228
     226
     231
     220
     225
     197
     233
     200
     242
     212
     213
     226
     225
     236
     231
     214
     220
     234
     220
     184
     187
     208
     238
     227
     214
     207
     205
     205
     200
     203
     185
     189
     217
     189
     207
     203
     195
     242
     191
     206
     187
     199
     214
     205
     199
     184
     199
     203
     194
     207
     202
     191
     186
     172
     207
     174
     198
     185
     180
     155
     187
     175
     217
     185
     168
     181
     174
     193
     202
     173
     174
     174
     195
     163
     180
     182
     163
     168
     166
     162
     191
     168
     178
     190
     189
     176
     160
     165
     171
     174
     155
     178
     164
     171
     177
     178
     151
     172
     174
     141
     170
     151
     160
     165
     181
     155
     176
     159
     161
     156
     152
     155
     155
     141
     161
     152
     163
     155
     133
     148
     161
     146
     172
     164
     137
     154
     146
     155
     169
     154
     133
     130
     159
     163
     152
     138
     142
     129
     133
     131
     126
     154
     125
     135
     152
     133
     133
     133
     137
     143
     143
     155
     130
     155
     133
     134
     123
     122
     115
     157
     140
     139
     115
     126
     131
     118
     137
     110
     141
     137
     120
     108
     129
     118
     133
     124
     134
     103
     129
     103
     129
     134
     114
     137
     105
     129
     119
     113
     128
     123
     127
     108
     106
     117
     103
     122
     119
     109
      91
     124
     107
     102
     111
     109
      91
     107
     101
     108
      86
      97
     116
     110
     112
     126
     114
     120
     117
     100
     114
     100
      88
     110
      95
      88
      88
     110
     116
     102
      88
      95
     107
      92
      92
     103
      88
      99
     100
      90
      92
      89
     105
      86
     100
     108
     102
      97
      83
     105
     100
      94
      92
      95
      80
      96
     104
     108
      91
      90
      96
      82
      84
      93
      87
      84
      82
      94
      93
      99
     102
      91
      79
     127
      90
      90
      83
      89
      94
      76
     112
      82
      68
      80
     102
      87
     102
      81
      96
      92
      87
     107
      90
     109
      92
      84
      90
      83
      70
      77
      95
      96
      88
      73
      72
      81
     100
      81
      78
      74
      82
      75
      83
      72
      69
      85
      56
      68
      63
      73
      70
      77
      72
      86
      80
      87
      75
      65
      87
      78
      82
      66
      58
      92
      68
      57
      79
      71
      74
      75
      63
      82
      64
      82
      71
      81
      73
      72
      68
      76
      60
      62
      61
      84
      72
      75
      67
      61
      70
      68
      76
      84
      74
      67
      76
      73
      69
      73
      82
      71
      65
      81
      77
      70
      70
      62
      76
      65
      86
      64
      76
      46
      49
      63
      55
      63
      81
      79
      72
      57
      64
      68
      67
      71
      64
      54
      90
      62
      68
      55
      77
      73
      72
      71
      49
      53
      66
      76
      72
      63
      64
      68
      79
      64
      47
      75
      65
      78
      58
      62
      57
      56
      73
      64
      56
      51
      61
      57
      47
      56
      68
      67
      54
      60
      39
      75
      50
      54
      58
      58
      67
      59
      59
      55
      65
      56
      51
      53
      52
      56
      43
      61
      45
      56
      45
      49
      63
      56
      57
      46
      50
      58
      60
      49
      56
      62
      58
      44
      51
      56
      51
      53
      47
      52
      58
      54
      50
      47
      52
      70
      43
      51
      69
      59
      55
      41
      59
      56
      61
      56
      60
      50
      49
      63
      51
      49
      44
      60
      50
      39
      53
      46
      48
      45
      51
      39
      41
      47
      66
      46
      53
      45
      47
      44
      62
      45
      36
      44
      45
      53
      51
      54
      53
      50
      60
      40
      41
      56
      50
      49
      34
      57
      53
      50
      51
      47
      55
      33
      52
      32
      46
      47
      39
      36
      46
      52
      55
      45
      52
      49
      48
      49
      65
      48
      63
      44
      46
      57
      46
      32
      56
      40
      55
      41
      48
      44
      58
      40
      47
      40
      47
      42
      42
      41
      48
      50
      52
      41
      36
      36
      38
      48
      51
      54
      44
      41
      48
      40
      39
      49
      42
      43
      47
      56
      49
      46
      33
      50
      55
      42
      47
      42
      41
      56
      53
      52
      50
      37
      37
      45
      46
      44
      38
      37
      44
      40
      39
      44
      34
      36
      38
      54
      39
      50
      40
      52
      33
      49
      40
      40
      48
      35
      41
      48
      50
      33
      27
      38
      35
      50
      30
      44
      40
      41
      35
      52
      31
      38
      37
      34
      38
      42
      44
      31
      43
      38
      43
      28
      40
      37
      35
      46
      34
      33
      45
      46
      40
      61
      34
      36
      32
      32
      31
      45
      36
      37
      46
      31
      49
      45
      37
      30
      35
      41
      44
      44
      50
      43
      34
      31
      25
      30
      41
      26
      29
      39
      39
      36
      37
      32
      36
      36
      29
      27
      38
      35
      29
      47
      46
      36
      29
      28
      35
      32
      28
      36
      39
      31
      35
      26
      42
      37
      39
      34
      33
      31
      36
      33
      34
      32
      28
      33
      28
      30
      27
      30
      31
      31
      33
      36
      38
      37
      29
      28
      44
      40
      38
      40
      29
      36
      32
      37
      27
      31
      43
      35
      43
      37
      34
      35
      48
      28
      31
      38
      47
      36
      41
      32
      27
      37
      42
      34
      28
      32
      45
      40
      27
      31
      31
      27
      33
      42
      33
      27
      41
      31
      35
      37
      36
      26
      30
      32
      29
      38
      29
      35
      34
      46
      30
      31
      46
      30
      37
      38
      23
      32
      33
      38
      31
      34
      45
      33
      28
      25
      30
      33
      35
      25
      32
      26
      28
      35
      27
      48
      26
      39
      30
      33
      39
      29
      34
      47
      29
      27
      39
      38
      26
      38
      22
      47
      28
      32
      37
      26
      39
      26
      30
      36
      31
      30
      28
      22
      32
      32
      40
      28
      34
      32
      22
      35
      37
      43
      21
      31
      26
      45
      32
      23
      19
      20
      39
      36
      31
      35
      34
      36
      31
      36
      30
      22
      38
      26
      31
      20
      25
      33
      33
      37
      28
      20
      28
      34
      21
      27
      27
      20
      38
      29
      21
      27
      29
      22
      38
      29
      27
      28
      26
      35
      31
      22
      27
      29
      24
      29
      29
      26
      30
      26
      28
      19
      25
      30
      23
      27
      23
      26
      25
      28
      34
      35
      35
      33
      26
      31
      30
      18
      44
      22
      27
      30
      26
      20
      26
      20
      24
      22
      27
      26
      22
      33
      36
      40
      23
      25
      26
      28
      25
      25
      20
      23
      16
      27
      31
      28
      27
      39
      30
      23
      29
      29
      33
      18
      19
      25
      22
      25
      21
      28
      24
      22
      29
      28
      30
      29
      21
      27
      23
      27
      28
      27
      28
      24
      25
      25
      20
      20
      19
      15
      26
      26
      25
      15
      21
      24
      22
      30
      28
      25
      24
      31
      31
      22
      31
      20
      27
      32
      20
      26
      29
      23
      25
      20
      33
      25
      31
      26
      20
      32
      16
      25
      28
      31
      24
      22
      22
      26
      26
      29
      28
      18
      23
      28
      24
      22
      25
      21
      26
      21
      19
      26
      22
      27
      25
      19
      30
      29
      20
      22
      34
      26
      16
      22
      17
      22
      27
      39
      29
      23
      36
      26
      20
      20
      21
      31
      21
      28
      29
      28
      20
      25
      21
      32
      21
      21
      18
      20
      22
      24
      27
      26
      21
      24
      19
      34
      32
      23
      28
      29
      22
      12
      29
      27
      26
      22
      21
      21
      31
      18
      25
      29
      33
      27
      21
      23
      25
      26
      26
      25
      25
      21
      18
      28
      26
      31
      28
      27
      22
      19
      17
      25
      25
      21
      28
      21
      23
      21
      18
      25
      25
      25
      26
      32
      16
      19
      18
      21
      29
      16
      16
      27
      20
      21
      26
      24
      18
      27
      14
      19
      17
      18
      29
      25
      25
      22
      24
      22
      35
      17
      28
      17
      16
      21
      32
      15
      22
      19
      26
      17
      17
      23
      32
      32
      25
      31
      25
      16
      18
      25
      24
      23
      24
      23
      28
      21
      16
      30
      19
      20
      22
      22
      19
      20
      14
      18
      20
      21
      22
      21
      16
      17
      20
      20
      21
      15
      20
      23
      25
      22
      24
      16
      26
      22
      28
      21
      12
      20
      19
      22
      19
      18
      14
      16
      21
      16
      18
      20
      17
      17
      22
      30
      23
      28
      12
      25
      28
      28
      15
      21
      23
      27
      20
      21
      21
      21
      13
      13
      13
      22
      11
      24
      11
      17
      23
      21
      20
      23
      16
      16
      17
      22
      25
      33
      23
      24
      23
      18
      26
      13
      20
      22
      17
      19
      18
      17
      21
      27
      18
      22
      23
      25
      19
      28
      24
      10
      21
      18
      20
      14
      23
      19
      21
      23
      20
      17
      18
      19
      17
      15
      20
      18
      18
      25
      18
      13
      12
      18
      26
      21
      13
      20
      23
      21
      13
      19
      18
      26
      12
      14
      22
      20
      26
      22
      15
      19
      25
      15
      21
      29
      19
      22
      16
      10
      18
      13
      20
      20
      18
      22
      15
      13
      27
      27
      18
      19
      19
      15
      19
      17
      22
      18
      12
      22
      24
      22
      20
      23
      19
      14
      18
      11
      20
      25
      21
      21
      18
      34
      26
       9
      20
      20
      17
      17
      27
      18
      20
      16
      11
      15
      27
      21
      21
      21
      11
      18
      31
      19
      16
      16
      22
      22
       8
      15
      16
      29
      16
      14
      16
      10
      14
      16
      19
      20
      19
      18
      15
      18
      15
       7
      19
      23
      15
      24
      28
      14
      23
      12
      19
      23
      19
      25
      18
      20
      10
      20
      21
      19
      21
      21
      30
      17
      16
      15
      21
      19
      18
      18
      20
      26
      18
      17
      11
      16
      15
      19
      17
      16
      16
      18
      15
      15
      15
      20
      18
      17
      17
      12
      20
      20
      20
      30
      24
      20
      24
      20
      14
      20
      23
      22
      24
      17
      22
      24
      18
      19
      21
      25
      16
      22
      18
      18
      26
      23
      16
      14
      15
      26
      17
      19
      37
      12
      16
      20
      17
      14
      17
      12
      23
      15
      23
      22
      16
      12
      12
      22
      15
      21
      17
      13
      15
      13
      14
      12
      11
      17
      17
      21
      20
      16
      23
      16
      18
      23
      14
      15
      17
      17
      23
      20
      16
      17
      17
      18
      23
      19
      21
      16
      21
      21
      13
      14
      15
      26
      17
      12
      19
      15
      15
      20
      19
      11
      22
      13
      25
      21
      19
      16
      16
      13
      16
      20
      18
      16
      18
      21
      14
       7
      22
      14
      17
      13
      20
      11
      17
      12
      13
      12
      18
      13
      23
      19
       8
      20
      17
      19
      18
      20
      15
      19
      22
      18
      12
      15
      16
      11
      12
      23
      19
      19
      28
      20
      10
      18
      19
      19
      21
      17
      14
      12
      18
      13
      19
      20
      16
      19
      13
      21
      22
      15
      13
      20
      14
      18
       7
      17
      24
      16
      19
      21
      18
      12
      16
      24
      12
      24
      16
      14
      11
      13
      12
      11
       6
      18
      13
      23
      19
      20
      17
      11
      18
      19
      20
      13
      12
      19
      12
      16
      15
      14
      15
      16
      17
      12
      19
      15
      20
      25
      10
      17
      24
      14
      13
      20
      21
      15
      19
      13
      10
      18
      14
      15
      27
      15
      15
      22
      14
      23
      17
      17
       9
      11
      16
      16
      27
      13
      16
      13
      19
       9
      17
      14
      24
      16
      14
      19
      20
      12
      15
      19
      11
      21
      15
      17
      12
      14
      19
      19
      17
      16
      11
      12
      21
       8
      12
      13
      24
      20
      20
      15
      26
      20
      17
      15
      19
      16
      20
      13
      19
       6
      17
      24
      16
      12
      13
      15
      14
      21
      23
      16
      21
       9
      18
      17
      23
      18
      13
      15
      12
      20
      10
      15
      13
      14
      13
      15
      15
      13
       9
      13
      13
       7
      15
      11
      21
       8
      20
      18
      20
      16
      11
      11
      15
      18
      17
      20
      10
      12
      12
      22
      19
      18
      12
      19
       9
      13
      22
      22
      27
      14
      18
      11
      16
      19
      17
      17
      11
      14
      20
      16
      13
      15
      21
      12
      13
      19
      15
      10
      11
      11
      12
      13
      12
      17
      18
      15
      16
      14
      24
      13
      11
      18
      16
      17
      10
      10
       9
       7
      22
      12
      13
      14
      11
      23
      14
      17
      20
      14
      19
      18
      11
      14
      18
      12
      11
      11
      17
      13
      11
      11
      13
      18
      12
      10
      11
      12
      10
      15
      16
      13
      19
      11
      15
      15
      20
      18
      17
      12
      25
      20
       9
      17
       9
      18
      12
      14
      19
      14
      11
      12
      16
       8
      15
      13
      14
      18
      16
      15
      10
      11
      17
      15
       7
      13
      19
      11
      12
      13
      22
      18
      16
      14
      19
      15
      16
      14
      20
      20
      16
      18
      11
      15
      16
      18
      16
      28
      10
      17
      13
      15
      15
      16
      23
      12
      16
      10
      19
      13
      10
       9
      14
      16
      14
      17
      17
      14
      17
      12
      16
      15
      17
      19
      18
      13
      10
      12
       9
      11
      17
      18
       8
      18
      16
      11
      14
      14
      18
      16
      14
      10
      14
      16
      12
       8
      20
      20
      16
      13
      20
       7
      14
      14
      12
      13
      18
      13
      16
      19
      10
      24
      16
      18
      18
      15
      11
      13
      11
       9
      18
      18
      18
      17
      15
      11
      11
       9
      11
      18
      13
      15
      15
      16
       6
      19
      10
       7
      13
      19
      11
      15
      18
      17
      23
      10
       7
      14
      13
      10
      17
      16
      14
       9
      11
      14
      17
      21
      13
      11
      13
      15
       8
      13
      17
      15
      20
      11
      15
      11
      13
      16
      13
      16
       7
      19
      13
      15
      22
       9
      18
      17
      18
      19
      14
      14
      14
      11
      14
      15
      13
      14
       7
      14
      17
      16
      18
      14
      14
      11
      11
      13
      12
       6
      20
      16
      14
      16
       9
      16
      13
      10
      10
      12
      12
      17
       9
       9
      14
      14
      12
      13
      15
      19
      11
      13
      13
       8
      12
      14
      15
      21
      23
       8
      11
      17
       8
      23
      12
      15
      17
      13
      16
       8
       6
      11
      13
      17
      15
      11
      12
      15
      12
      11
      19
      19
      10
      12
      10
       4
       7
      15
      16
      11
      17
      14
      15
      14
      13
      13
      16
      16
      15
       4
       9
      11
      13
       4
      10
      14
      17
      14
      10
      14
       9
      13
      13
      12
      10
      16
      18
      12
      15
      14
      11
      13
      18
      15
      11
      15
       9
      17
      12
      19
      18
       6
      14
      13
      11
      10
      14
      24
       5
      17
      12
      10
      14
      20
      15
      11
      15
      18
      17
      11
      12
      10
      10
      19
       9
       9
      16
      12
      17
      12
      17
      13
      21
      12
      10
      18
      16
      18
      11
      14
      13
      11
      16
      12
      17
      14
      13
       9
      18
      14
      11
      13
      14
      11
      19
      21
      15
      19
      20
       9
      20
      11
      13
      11
      13
       4
      17
      15
      10
      16
      11
       9
      20
      13
       7
      17
      13
      18
      15
      18
      14
      13
      19
      18
      19
       9
      18
      10
      17
      13
      12
      14
      17
      15
      10
      10
      16
      18
       8
      10
      19
      19
      16
      12
      15
      14
      12
      11
       8
      12
      11
      15
      12
      15
      10
      12
       9
      15
      11
      10
      11
      11
      18
      12
      21
      15
      12
      15
      15
       6
      23
       9
      13
      11
      13
      12
       8
       8
      14
      10
      15
      10
       8
      10
      11
      16
       9
       8
      12
      15
      12
      12
      13
       9
      11
      10
      10
      15
      11
      19
      16
      11
      12
       9
      16
      17
      13
      15
      17
      16
      10
      14
      17
      19
      14
      13
      14
      16
      14
      13
      20
       9
      13
      10
      23
      15
      14
      14
      18
      14
      13
      16
       9
       9
       6
      12
      10
      13
      14
       7
      12
      19
      13
      11
      10
      19
      10
      14
      14
       7
      16
      12
      10
      17
       9
      21
      15
      11
      12
      12
      11
      12
      11
      20
      13
      11
      10
      13
      19
      10
      16
      15
      15
      11
      20
      27
      10
      17
      10
       6
       9
      15
      18
      11
      14
      18
      11
      13
       8
      11
      11
      11
      18
      14
      15
       9
      11
       8
      15
      15
      18
      17
       8
      15
      10
      12
      13
      14
      11
      17
       8
       7
      17
      18
      16
      11
      13
      13
      12
      11
      10
      14
      15
      11
       9
      16
      15
      14
      18
      11
      13
      12
      12
       5
      16
       7
      13
       7
      11
      14
       8
       9
      10
      15
       8
      12
      14
       6
       8
       9
      18
      12
      11
      10
      16
      15
      16
       6
      13
      11
      12
      13
      15
      16
      15
      14
      11
      12
      13
      12
      14
      19
       8
      13
      16
      13
      14
      13
      13
      12
      12
      14
       9
      13
      15
      13
      12
       7
      14
      15
      14
      14
       9
      10
      18
       8
      15
      10
      12
      20
      16
      10
      14
      10
      11
      17
      15
      14
       4
      10
      14
      15
      12
       9
       7
      16
      11
      10
      11
      13
      12
       5
       8
      13
      15
      12
       9
      14
      15
      11
       6
       7
      13
      12
      12
      10
      13
      10
      10
       7
      15
      11
       9
      12
       8
      17
      10
      11
      14
      16
      16
      14
      12
      13
      10
       8
       9
      14
      12
      13
      16
      15
       8
      12
      14
      10
      10
      17
      16
      11
      10
      12
       8
      12
      11
       7
      11
      10
      11
       7
      14
       7
      10
      12
       8
      11
      13
      14
      16
      14
      11
       6
      12
      10
      10
       9
      10
      16
      12
      11
      13
      11
      14
      14
      11
      11
       4
      10
       9
      13
       7
      14
      10
      12
       8
       5
       7
      14
      10
       9
      10
      15
      15
      13
      11
      11
      13
      12
       8
      11
      10
      18
      16
       6
      12
      10
       8
      11
      10
      12
      13
       8
       5
       7
      10
      10
      11
      10
      11
      20
      13
      10
      12
       7
      13
       6
      10
      15
      10
      16
      12
      15
      10
      12
      10
      18
       9
      18
       9
      18
      15
      10
      12
       8
      10
      14
       8
       7
       9
       9
      11
      11
      14
      12
      10
       9
       8
      13
      14
      11
      11
       9
       9
       8
      15
      11
       6
      15
      15
      20
      22
       9
      16
       8
      11
       9
       8
       5
      15
      13
      10
      19
      12
      12
       6
      10
      10
      12
      11
      10
      12
      13
      11
      15
      11
      14
      11
       7
       5
      13
      12
       9
      10
       8
      10
      15
      13
       8
       8
      14
       6
       9
       5
       7
      15
       9
      10
       5
       9
       9
       9
      12
      13
      12
      10
      15
      10
       6
      14
      14
      13
      11
      15
      14
      12
      10
       8
      13
       7
       9
      15
       8
      12
      13
      16
       4
      13
      16
      14
       9
       7
      10
      10
      16
       9
      11
       6
       6
       9
      10
      12
      10
      10
       7
      10
       7
      11
      14
      10
      13
      18
      15
       7
      12
      11
       9
       7
      12
      14
      10
       9
      10
      12
      13
      11
      10
      11
      19
      13
       9
      13
      13
      11
      16
      18
      14
       6
      10
      13
       8
       8
       6
      21
      11
      10
       9
      15
      10
      12
      12
      14
       8
       9
       5
      13
      12
      10
       8
      10
      13
      14
       8
      12
      14
       5
      10
      14
       8
      14
      10
      10
       9
      11
       7
       9
      13
       8
      13
      10
      11
      14
      16
      15
      12
      16
      14
       7
       8
      10
       8
       9
      11
      10
      19
      13
       7
       7
      15
       9
       9
      11
      11
      11
      10
      15
      13
      10
      10
       9
       9
      12
       8
      10
       7
      10
       8
      12
       8
      10
      11
       4
       9
      10
      11
      11
      11
       5
       5
       9
      12
       8
      12
      15
       7
       8
      10
       6
       7
      14
      10
       4
      13
       8
      12
      11
       9
      11
       9
       9
      12
       9
      12
       9
       8
      13
       6
      13
      13
      15
       8
      10
      11
       7
      15
      14
       8
       9
      10
      12
      11
       7
      14
       4
       8
       8
      14
       5
       5
       5
       8
       8
      10
       8
       7
      15
      10
      10
      10
      10
      14
      10
      11
      11
       9
       8
      14
      11
       9
       8
       4
       5
      15
      14
      10
      10
       8
       7
       7
       8
       9
       9
      11
      15
      11
       3
      10
      12
      11
       9
      10
      13
      13
      15
      13
      18
      16
      11
      17
      12
      11
      10
      11
      14
      10
      15
      12
      10
       8
       9
      20
      15
       5
      13
      12
      10
      10
       4
       8
       9
       9
       8
       9
       9
      15
       9
       5
      10
      13
      13
      13
      13
      13
      12
      14
      11
       4
      11
      12
      17
      13
       8
       9
       9
      15
      16
       5
      11
      10
       9
      12
      10
       7
      14
       9
      12
      12
      12
       7
      11
      10
      10
       8
      10
       9
      10
      12
      10
      10
      13
       6
      10
      11
      12
      10
      11
       5
      11
       9
       9
      12
       4
       4
       5
      16
      10
      10
      11
       8
      16
       5
      16
       7
       5
      14
      11
       5
      13
      16
       9
      16
       6
      15
      16
       7
       8
       8
      15
      15
       7
      11
       9
      10
      11
       8
       9
       9
      10
      12
       6
      15
       9
       5
      13
       5
       7
      12
       8
      10
       4
       5
      13
       9
      12
      15
      13
       4
      11
      10
       6
      10
       5
      14
      10
       8
       4
      16
       8
      13
      11
      11
      10
       7
       5
       8
      11
      12
      11
      10
      15
      13
       6
      16
      10
      10
      13
       8
      11
       6
      11
      11
      10
      12
      12
       9
      12
       9
       9
       8
       9
       6
      10
      14
      14
      10
      13
       6
      12
       4
       3
      11
       7
      10
       7
       6
       8
      15
      11
      10
      10
       9
       9
       5
       7
       5
      12
      12
       9
       6
      15
      12
       8
      10
      13
       2
       5
       8
      10
       6
       9
       4
       7
      13
      10
       8
       6
      12
      10
      12
      15
       7
       7
      12
      15
       7
       9
      15
       8
      11
       8
       9
      10
       9
       6
       9
       7
       7
       6
      11
       8
      14
       5
       9
       7
      10
       6
      10
       8
      16
      12
      11
       7
       7
      10
       7
       8
       7
      12
       6
      11
      11
       8
      11
      11
       5
       8
       9
      11
      12
       9
      10
       6
       4
       6
      12
       9
      19
      10
      10
      11
       9
       5
       7
       7
      12
      11
      13
       7
       7
       7
       7
       8
       7
       9
       3
       6
       5
       6
       6
      15
       6
      17
       8
      13
       9
       5
      13
       8
       6
      12
       4
       5
       7
      12
       9
       5
       6
      10
      11
      11
       8
       7
       5
       6
       8
      14
      10
       9
      12
       9
       4
      10
      10
      10
      11
       7
      12
      12
       8
       2
       9
      10
       5
       7
       6
       6
       7
       6
      12
      10
       7
       7
       4
       9
       8
      11
      10
       7
       6
      10
       4
       9
       7
       8
      12
       8
      10
      10
      11
      10
       8
       9
       9
       8
       8
       4
       6
      17
       5
      10
      12
       9
       9
       7
      11
       8
      13
      11
      14
      14
      17
      13
       8
       7
       7
       5
       8
       8
      12
      11
      13
       8
      10
       7
       9
       6
      12
       9
       7
      11
       7
       9
      12
       6
      11
      14
       8
      12
      11
      12
       6
      11
       6
       3
      12
       9
       3
      13
       8
      11
       7
      10
      13
       5
      16
       7
       6
       5
      10
       7
       8
       6
      10
       6
      10
       9
       8
       6
      10
       8
       4
       9
       7
      15
       4
      18
       6
       7
      11
      15
       6
      12
       7
       7
       9
       8
       7
      16
      12
       5
      11
       7
       5
       6
       4
       8
       6
       7
       6
       8
      10
      13
      12
      12
       6
       9
       9
       9
       9
       7
      10
      10
       9
      10
       8
      10
       8
       2
       8
       3
       7
       5
      13
      14
       4
      10
       9
       5
       5
      10
       6
       8
       7
       9
       5
       7
       9
       5
      10
       4
      11
       5
       3
       6
      15
       6
       6
       7
       7
      11
       6
      10
       6
       8
      14
      13
       7
       6
      12
       7
      14
       6
       6
       8
      12
       8
       3
       6
       9
       8
       5
      16
       9
      11
       8
       8
       5
       6
       3
       9
      13
       7
       6
       6
       4
       8
       9
       9
      13
      10
       7
      11
       5
      10
      10
       7
       6
       9
       9
       7
       8
       7
       8
       7
      12
       5
       5
       6
       8
       6
      10
       6
       5
      11
      11
      11
       9
       4
       7
      10
       7
       5
       9
      12
       9
       6
       8
       6
      14
       9
      11
       5
       8
       8
       4
       8
       9
       8
      11
       9
       7
       6
       4
       6
       7
      12
       5
      10
      13
      11
       7
      13
       3
       7
       4
       5
       8
       7
      12
       6
       5
       6
       3
      13
       6
      10
       4
       7
       1
      11
      10
       3
      14
       5
      12
       9
       6
       6
      13
       7
      11
       7
       8
       5
      10
      10
       8
       6
       8
       8
       6
       9
      12
       8
      11
      12
       9
       6
       3
       6
       8
       5
       9
       5
      11
       7
       9
       7
      10
      11
       6
       8
       3
       8
      13
       6
       3
      11
       8
       8
       5
       7
      12
      10
      11
       4
      10
      10
       3
       8
       5
       6
      11
       7
       5
      11
       7
      13
       7
       8
       8
       9
      12
       5
       7
      11
      13
       5
       7
      10
      10
      10
       9
      10
       4
       9
       6
      10
       8
       6
      11
       9
       4
      10
       7
       7
       7
      10
       5
       3
       4
       7
       6
      12
      12
       5
       5
       5
       8
       6
       7
       8
      10
       6
       7
       5
       8
       7
       7
       6
       4
       9
       4
       8
       4
       8
       2
       7
       7
       7
       6
      10
       9
       7
       5
       9
       4
       8
       4
       9
       5
      10
       8
       7
       5
       6
       7
       9
       6
      11
       8
       5
       4
       4
      12
       8
      13
       9
       4
      10
       6
       6
       7
       8
       7
       7
      10
      12
       6
       7
       6
       4
       8
       9
       5
       3
       3
      10
       4
       9
      14
      14
      11
       5
      10
       7
       2
       5
       8
       9
       8
      11
       9
       5
       4
      10
      11
       3
       5
       6
       6
       9
       4
       9
       5
       7
       7
       4
       6
      14
       9
       7
       7
       9
       8
       4
      10
       6
       8
       5
      10
       6
       9
       7
       8
       9
       6
       7
      12
       5
       9
       7
       6
      11
       2
       5
       6
      11
       7
       6
       5
       5
      10
      10
       6
       7
       4
      12
       9
       8
       7
       7
       8
      12
       9
       6
       9
       8
       6
       2
       7
       4
      11
       8
      10
       9
       6
       7
      10
      10
       8
       6
       2
       6
      10
       9
       6
       3
       7
       7
       3
      10
       2
       9
       7
       6
       3
       9
       6
       5
       9
       5
       6
       9
       6
       8
       8
       8
       9
       7
       6
       7
       5
       7
       9
       5
       6
      10
       8
       5
       5
       8
       2
       9
      12
       5
       6
       7
       9
       5
       4
       7
       7
       9
       7
       9
       5
       4
       7
      10
       7
      10
       8
       7
       8
       6
       6
       7
       8
       7
       7
       3
      14
       4
       4
       6
       7
       3
       5
       6
       8
       6
       7
       4
       9
       8
      10
      10
       8
       4
       8
       6
       8
      13
       8
       6
       5
       7
       4
       7
      11
       5
       6
       9
       6
       6
       3
       5
       7
       4
       4
       5
       4
      10
       8
       4
       4
      15
       6
       5
       5
       5
      11
       7
       4
      13
       6
       6
       6
       6
       4
       5
       4
       6
       6
       7
      10
       5
       3
       8
       4
       6
       8
       5
       8
       8
      12
       4
       3
      11
       3
      12
       8
       7
       6
       8
       6
       8
       4
       5
       6
       5
       6
       5
      12
       7
       8
       1
       8
       3
       4
       8
       6
       3
       8
       9
       3
       1
       5
       7
       6
       7
       2
       6
      14
       6
       6
      11
      10
      10
       2
       9
       9
       5
       5
       3
       7
       6
       7
       8
       4
       6
       9
       7
       6
       6
       5
       4
      15
       2
       8
       6
       6
       6
       9
       7
       6
       5
       9
       2
       4
       5
       4
       7
       5
       8
       8
       5
       7
       9
      10
       6
       8
       6
       9
       5
       6
       6
       6
       7
       6
       7
       4
       5
      11
       5
       9
       5
      10
       7
       4
      14
       9
       9
       7
      10
      16
      21
      15
      18
      18
       5
      12
      15
      12
       4
      13
       9
       8
      13
      10
      13
       7
       9
       9
      12
       8
       7
       3
      14
       9
      11
       9
      12
      10
       7
       6
       8
       5
       7
       8
       9
       8
       5
       7
       9
       4
       9
       8
       8
      14
       9
      12
       5
      10
      12
      10
       7
       6
       8
       9
       8
       6
      12
       6
       7
       7
       8
       5
       7
       7
       5
       6
       4
       8
       6
       9
       8
       6
       7
       8
       6
       7
       7
       7
      10
       8
       7
       4
       9
       8
       5
      12
       4
       3
       5
       6
       5
       4
       7
       5
       5
       4
       6
       2
       4
       6
       2
       5
       4
       2
       4
       9
       3
       5
       7
       5
       2
       3
       4
       3
       7
       2
       3
       3
       4
       4
       5
       3
       4
       2
       3
       5
       1
       3
       1
       3
       2
       0
       2
       4
       6
       4
       2
       1
       3
       1
       3
       2
       1
       3
       3
       1
       0
       0
       3
       3
       2
       1
       0
       0
       0
       1
       2
       0
       1
       2
       2
       2
       0
       0
       0
       0
       0
       0
       0
       0
       0
       0
       0
       0
       0
       0
       0
       0
       0
$ROI:
1
1521 1670
$PRESETS:
None
0
0
$ENER_FIT:
-195.376602 1.308774
$MCA_CAL:
3
-1.953766E+002 1.308774E+000 0.000000E+000
$SHAPE_CAL:
3
7.101761E+001 -9.336430E-003 0.000000E+000
